M4,15.313493010760011,18.839297237701647,65.84720975153834
M5,44.79497527406695,29.774871313012472,25.43015341292058
M6,18.472601857374787,35.95628054247276,45.571117600152455
M7,46.81176870756458,47.42592025867662,5.762311033758799
M8,4.578902452347989,4.353288515521356,91.06780903213065
M9,83.65445326046928,4.452191325612217,11.893355413918501
M10,5.867973028478768,77.17327249252065,16.958754479000575
M3,6.590784624597949,72.93101106614164,20.47820430926042
M5,46.467784112141096,30.045994965170628,23.486220922688275
M6,19.648934565149283,37.200091458264986,43.150973976585725
M7,48.058152864512515,46.708977958705084,5.232869176782401
M8,5.092695102524789,4.712793254737836,90.19451164273738
M9,84.8618672691634,4.397385441405999,10.740747289430605
M10,6.103740228149394,78.17342745798275,15.722832313867855
M3,6.677570631462411,71.87915275451995,21.443276614017634
M4,16.683465841804754,18.63557670279797,64.68095745539728
M6,19.56749106360225,36.02689404798859,44.40561488840916
M7,47.96515985605429,46.56425590656761,5.470584237378098
M8,4.949017280847489,4.456794767419492,90.59418795173302
M9,84.66168108530645,4.260804074388531,11.077514840305014
M10,6.193746998747303,77.29113114620203,16.515121855050666
M3,6.105616499223826,73.62420552035529,20.270177980420883
M4,15.677001683362112,20.38098435464115,63.94201396199674
M5,44.619239124016836,31.334053765044253,24.04670711093891
M7,45.70634642975814,48.94842020597385,5.345233364268012
M8,4.781122154469626,4.824838951631161,90.39403889389921
M9,83.95043066314422,4.718660990081652,11.33090834677413
M10,5.655891905670176,78.80709777746097,15.537010316868859
M3,5.757061757077592,72.38108288646703,21.86185535645538
M4,14.256817053930028,19.304890652717837,66.43829229335213
M5,42.60969215433309,31.163047132346698,26.227260713320213
M6,17.191205427036962,36.83303885915748,45.975755713805555
M8,4.229686798979451,4.443584907958952,91.32672829306159
M9,82.46043375354962,4.833729078939564,12.705837167510813
M10,5.364150244447148,77.81097671006582,16.82487304548704
M3,5.80891498769014,75.46055410039237,18.730530911917484
M4,15.68202559611554,22.036494037751247,62.281480366133216
M5,43.78896727496838,33.23830103016524,22.972731694866383
M6,18.188038337253328,40.3781010774001,41.433860585346565
M7,44.049929052629516,50.93510575447316,5.014965192897321
M9,83.87257157367888,5.112274875236776,11.015153551084342
M10,5.349278801294439,80.36368068011748,14.287040518588071
M3,6.165022976981614,72.3848456244527,21.450131398565688
M4,15.260383593870236,19.367222545730773,65.372393860399
M5,44.417969142677144,30.441744487426075,25.14028636989678
M6,18.28973248371777,36.741388507185356,44.968879009096874
M7,46.11769567744343,48.2202338992286,5.662070423327968
M8,4.577967693624207,4.510716438796934,90.91131586757886
M10,5.72643680562593,77.76581951078083,16.507743683593247
M3,5.556460857478171,75.33748502015595,19.106054122365876
M4,14.89607742913202,21.898935495091706,63.20498707577627
M5,42.46716924648223,33.72848557727213,23.80434517624564
M6,17.367160908526454,40.35773612035156,42.27510297112198
M7,42.881359156807335,51.901888088540716,5.216752754651949
M8,4.589730495571259,5.225175060281086,90.18509444414765
M9,83.06260802248374,5.287208858339565,11.650183119176692
M2,71.27766361954446,16.357334870147163,12.365001510308382
M5,47.52834433451259,29.565902377542148,22.905753287945263
M6,20.358368757899424,37.01457186581855,42.62705937628202
M7,48.15541530179853,46.75010272550264,5.09448197269883
M8,5.321211295257832,4.742607432056663,89.93618127268552
M9,85.43674049782364,4.254508277445971,10.308751224730393
M10,6.340770131671205,78.07928609099804,15.579943777330755
M2,71.0656720446598,16.281588025496873,12.652739929843321
M4,16.96575678313121,19.466063595835706,63.56817962103308
M6,20.134304824055597,36.559418634098115,43.306276541846294
M7,48.09302044401208,46.67759983773494,5.229379718252979
M8,5.196916532165791,4.6182891903327885,90.18479427750142
M9,85.20463531780042,4.23149524203036,10.563869440169217
M10,6.311929141647505,77.72392848235272,15.96414237599977
M2,69.29406820069735,17.64650250150037,13.059429297802279
M4,16.03043073014806,20.447157813894883,63.52241145595706
M5,45.18873829117446,31.140711602782506,23.670550106043034
M7,46.211017552824586,48.53803767602978,5.250944771145633
M8,4.909588064729798,4.862461564208257,90.22795037106194
M9,84.28812442204912,4.65416723959286,11.057708338358017
M10,5.761007027574809,78.84171881462674,15.39727415779845
M2,66.91344229783546,18.564523074506386,14.522034627658154
M4,14.37729148072708,19.978770177637056,65.64393834163586
M5,42.47633372046343,31.898254310706232,25.62541196883034
M6,17.173743675902546,37.795541154334124,45.03071516976333
M8,4.303694490274342,4.639672246661408,91.05663326306426
M9,82.57228649654255,4.961620698169202,12.466092805288252
M10,5.28162818676284,78.50612860652119,16.212243206715968
M2,69.12280917455845,18.276276817507302,12.600914007934243
M4,16.232995980042112,21.500541493284732,62.26646252667315
M5,44.99929700935191,32.19968880193983,22.80101418870826
M6,18.89049556166118,39.53872257505872,41.5707818632801
M7,45.45432232930053,49.54760395975743,4.9980737109420375
M9,84.43735077735369,4.852640869564352,10.710008353081962
M10,5.635438439395288,79.82364706834596,14.54091449225875
M2,68.89254481038387,17.599652181050224,13.507803008565908
M4,15.61281988422137,19.98732245680748,64.39985765897116
M5,44.71552827492311,30.9150954487941,24.36937627628279
M6,18.548516289567004,37.54770764694353,43.90377606348947
M7,46.021343092592225,48.536904705781296,5.441752201626478
M8,4.736164179373266,4.706885902787087,90.55694991783965
M10,5.720510124512279,78.39979649566133,15.879693379826392
M2,67.29411793384614,19.262214312735143,13.443667753418719
M4,15.060396846047112,21.61271776572474,63.32688538822815
M5,42.91180866119275,33.255073149310746,23.833118189496503
M6,17.609328551683497,39.92263316044565,42.46803828787086
M7,43.4483051608094,51.3145112873135,5.237183551877102
M8,4.633114763683167,5.149282173682163,90.21760306263467
M9,83.25780016265436,5.181902840166933,11.560296997178703
M2,71.71311808912918,16.331500278405187,11.955381632465631
M3,6.9339048289096175,73.29026555391162,19.775829617178758
M6,20.750872839368785,37.46616217423645,41.78296498639477
M7,49.029888823658624,46.041112677056745,4.928998499284631
M8,5.5125014243433474,4.879472165576368,89.60802641008029
M9,85.80279508265036,4.24107121171218,9.956133705637457
M10,6.415370485871194,78.41946869695306,15.165160817175746
M2,70.33182223326043,17.411715076779842,12.256462689959733
M3,6.472075808541884,74.25628413648867,19.27164005496944
M5,46.411515596407696,31.108262819122135,22.48022158447017
M7,47.03254234113303,48.02605659124676,4.9414010676202125
M8,5.280573284282259,5.070263170369993,89.64916354534775
M9,85.1084162704186,4.570691565944364,10.320892163637033
M10,5.973812745205891,79.28566266349304,14.740524591301067
M2,68.69005423491525,18.521249604199195,12.788696160885554
M3,5.977821340695583,74.94065727239457,19.08152138690984
M5,44.49490231801104,32.47883246578517,23.02626521620379
M6,18.581205080354152,39.66453151178714,41.75426340785871
M8,4.949976328834551,5.188019883282108,89.86200378788334
M9,84.16546630707464,4.9277684660212335,10.906765226904128
M10,5.529652270946287,79.89945125685303,14.570896472200687
M2,69.65612153195303,18.432138522094025,11.911739945952942
M3,6.1577793380750006,75.79853481239438,18.04368584953062
M5,45.61965037577023,32.691500775812514,21.68884884841726
M6,19.359203072967837,40.637753275955575,40.003043651076595
M7,45.55199261081657,49.74883660024804,4.69917078893539
M9,84.99463078654573,4.887016207469437,10.118353005984837
M10,5.677870184999589,80.5779747574224,13.744155057578013
M2,70.26470851589458,17.493732504815004,12.241558979290414
M3,6.444360750342212,74.36775778140063,19.18788146825716
M5,46.33165457115047,31.22628215457457,22.442063274274958
M6,19.695237861118553,38.85780159251977,41.44696054636167
M7,46.902082645877435,48.16860780018073,4.929309553941835
M8,5.279400419470768,5.098153903028342,89.62244567750089
M10,5.946615513226774,79.38114014457155,14.67224434220168
M2,68.59767270094396,19.166912975684607,12.235414323371433
M3,5.87828394135538,76.20650600771903,17.915210050925594
M5,44.38140736302904,33.61391310644311,22.004679530527852
M6,18.615961682532728,41.28327845736718,40.10075986010009
M7,44.2190744579336,51.023591804280116,4.757333737786283
M8,5.133186192439518,5.583804779645346,89.28300902791513
M9,84.40258222345564,5.120698817000967,10.476718959543394
M2,70.5947184687878,17.084497066149574,12.320784465062623
M3,6.5848051866128525,73.80332671288555,19.611868100501596
M4,17.006927607961593,20.61657079771706,62.376501594321354
M7,48.167348699398396,46.832561000392744,5.000090300208861
M8,5.285045508044762,4.959458048905253,89.75549644304999
M9,85.19004096325988,4.4750382508486375,10.334920785891487
M10,6.084450395777812,78.89814795560874,15.017401648613458
M2,69.00194312308192,17.90865157247839,13.089405304439694
M3,6.1352273560414075,73.9434816057834,19.921291038175184
M4,15.894207942661005,20.670022567594007,63.435769489744985
M6,18.696873370743855,38.46985115484569,42.83327547441045
M8,4.876321606666443,4.92052555968268,90.20315283365088
M9,84.14488807297224,4.743674388699013,11.111437538328751
M10,5.683400580576152,79.0551324289404,15.261466990483456
M2,70.47630891879874,17.77534857348203,11.748342507719233
M3,6.434894792581443,75.2326357123421,18.332469495076452
M4,17.327533410971906,21.892692716638017,60.779773872390074
M6,19.941730809334473,39.89277116565175,40.165498025013775
M7,46.69745806768324,48.60646354254804,4.696078389768715
M9,85.41038663807845,4.6773114800852245,9.912301881836326
M10,5.922498539563193,80.09536678087821,13.982134679558598
M2,70.56629044686333,17.04508178257506,12.388627770561605
M3,6.585119035522939,73.67843422576419,19.73644673871287
M4,16.942976983763167,20.513967865336056,62.54305515090077
M6,19.878337658283918,38.02080121898157,42.10086112273451
M7,48.15132957101387,46.815033537793454,5.033636891192678
M8,5.2561804578891484,4.922635173710851,89.82118436840001
M10,6.087212253963047,78.79431928425684,15.118468461780111
M2,69.69004179858521,18.227379071103478,12.08257913031131
M3,6.21515810768193,75.37125953855663,18.41358235376144
M4,16.7791098981659,22.00451999586268,61.21637010597142
M6,19.34966491896867,40.1279908915338,40.52234418949753
M7,45.77497597688908,49.438807141264526,4.786216881846393
M8,5.290600026358642,5.365568183811298,89.34383178983006
M9,84.93119708805709,4.824283892722341,10.244519019220569
M2,67.44005744130654,19.137043008396834,13.42289955029663
M3,5.697717259249265,74.92452360014093,19.37775914060981
M4,15.124659429025224,21.518063323000387,63.35727724797438
M5,43.07614156974951,33.09053505539107,23.833323374859418
M8,4.6509044575231195,5.124749671621491,90.22434587085539
M9,83.31357931819055,5.139552228568303,11.54686845324115
M10,5.257022224875742,79.93501755744813,14.807960217676126
M2,68.24051361572984,19.353629525084028,12.405856859186134
M3,5.792752844016594,76.21797172629988,17.98927542968353
M4,16.00411567371422,22.77752654489838,61.2183577813874
M5,43.97332941341785,33.8076074257506,22.219063160831553
M7,43.83804475561832,51.35473011295262,4.807225131429057
M9,84.1619191702027,5.195581320218276,10.64249950957903
M10,5.3226248188781815,80.98769890505245,13.689676276069363
M2,68.66099315557481,18.514375585051738,12.824631259373447
M3,5.975581874220158,74.89287980640148,19.131538319378365
M4,15.920466995161723,21.50997542584893,62.569557578989354
M5,44.46163250397121,32.455428293926765,23.082939202102025
M7,44.95052093009613,49.98507154803535,5.064407521868517
M8,4.9357885861671456,5.172804218498952,89.8914071953339
M10,5.527278490212231,79.86123810913197,14.6114834006558
M2,66.98841815220838,20.140933808710503,12.870648039081114
M3,5.499426453738752,76.49120543845302,18.00936810780823
M4,15.255337401649493,23.035456563890246,61.70920603446025
M5,42.58485226494591,34.682608243753606,22.732539491300486
M7,42.423613505317064,52.66035861796583,4.916027876717109
M8,4.788961534777702,5.5891625616727,89.62187590354961
M9,83.40472438250659,5.443148245296823,11.152127372196592
M2,67.0740605048942,20.21027984700216,12.715659648103635
M3,5.505386389019821,76.70295346713496,17.79166014384522
M4,15.386736798318868,23.240866052214702,61.37239714946644
M5,42.68329128152611,34.82629279605117,22.49041592242272
M6,17.617467268118194,42.066274577830065,40.316258154051745
M9,83.50418690231658,5.4784850561944385,11.017328041488986
M10,5.041204983744151,81.43302623180227,13.525768784453575
M2,66.91015451395508,19.096392971552376,13.993452514492546
M3,5.616828880459663,74.31476673438198,20.06840438515836
M4,14.65121453795478,20.945071843688574,64.40371361835665
M5,42.477644600796545,32.83125840489285,24.691096994310605
M6,17.275708508111677,39.09461071638767,43.62968077550065
M8,4.446595699709574,4.929915286747963,90.62348901354247
M10,5.192193467462996,79.44099553875844,15.366810993778557
M2,65.96811663059472,20.608961882058438,13.42292148734684
M3,5.275629238580867,76.39776826562088,18.326602495798255
M4,14.598418698142611,22.89241836425312,62.50916293760427
M5,41.474169408814,35.090335261631246,23.435495329554755
M6,16.862755174241027,41.754137213932374,41.383107611826595
M8,4.543226266239856,5.502166863858343,89.9546068699018
M9,82.69274662649406,5.60563240911113,11.701620964394813
M2,67.67694412100968,20.133238464604382,12.189817414385935
M3,5.611523059265474,77.15874368932285,17.229733251411673
M4,15.916238377775667,23.752168494475693,60.33159312774863
M5,43.37479491731483,34.918587386521956,21.706617696163214
M6,18.070917144838397,42.62709315368663,39.301989701474966
M7,42.808212172843994,52.54329236834118,4.648495458814828
M10,5.1280693852004795,81.80019221632443,13.071738398475091
M2,64.93795905587082,22.613730853970143,12.448310090159037
M3,4.894796266180709,79.0719821783198,16.033221555499495
M4,14.75451050578656,25.75829763774428,59.48719185646917
M5,40.069997374417646,38.478069084855086,21.451933540727268
M6,16.456252472288927,45.45670949586193,38.08703803184915
M7,39.182121448957304,56.29031625108168,4.527562299961019
M9,82.722744002936,6.238379763828992,11.038876233235012
M2,66.1948199187773,21.04945903325182,12.75572104797088
M3,5.253536786933371,77.44989110209758,17.296572110969052
M4,15.031690157890605,23.99274239725954,60.97556744484985
M5,41.72612609561465,35.93520463596243,22.33866926842292
M6,17.099540491350044,43.12142611929984,39.77903338935012
M7,41.186152908279524,54.02792602085671,4.785921070863765
M8,4.763158834242913,5.870069838049854,89.36677132770723
M1,38.77886120546111,32.37730463584786,28.84383415869103
M5,48.84929104800647,28.940479209378257,22.210229742615272
M6,21.226958016729697,36.832151155427454,41.94089082784285
M7,49.975485296316215,45.09434110430794,4.930173599375848
M8,5.617102470971444,4.779373278467185,89.60352425056136
M9,86.10815852577063,4.087899005548973,9.803942468680393
M10,6.625673472864591,77.97807497817956,15.396251548955846
M1,38.40580010644688,32.30445352334621,29.289746370206906
M4,18.02613351513099,19.30494401262006,62.66892247224895
M6,20.952462548080465,36.599144561813524,42.448392890106014
M7,49.745772448980176,45.222267798942276,5.031959752077547
M8,5.4912125583599085,4.704527809023141,89.80425963261695
M9,85.877776436548,4.108456471536521,10.013767091915476
M10,6.565971223687713,77.79984348589504,15.63418529041725
M1,36.84430783371128,33.78872235228429,29.366969814004435
M4,16.966800653883187,20.443103498030016,62.590095848086804
M5,46.778107124116815,30.429595020966595,22.79229785491659
M7,48.150565170299444,46.80862013610861,5.040814693591948
M8,5.259245371685529,4.905082572321477,89.835672055993
M9,85.16710428866878,4.44212185076135,10.390773860569869
M10,6.086795955170926,78.75118588411681,15.162018160712265
M1,34.16827717520816,34.22258619647441,31.60913662831743
M4,15.014545781863974,20.14339349409882,64.84206072403721
M5,43.56398478219296,31.577498493496076,24.858516724310963
M6,17.849118739366684,37.890348822541235,44.26053243809208
M8,4.5340311047559565,4.720152148444435,90.7458167467996
M9,83.2599556974835,4.840573771315425,11.89947053120107
M10,5.4766419970189055,78.61864877840407,15.904709224577033
M1,37.09569392328017,35.079340559446564,27.824965517273263
M4,17.501123275375523,21.74818456525674,60.750692159367745
M5,46.95748400842852,31.512257641710956,21.53025834986052
M6,20.168247805187615,39.64041035951139,40.19134183530099
M7,47.12208956920863,48.190979977018586,4.686930453772781
M9,85.5715666986928,4.603587507110749,9.824845794196445
M10,6.015636734840168,79.93233388815216,14.05202937700767
M1,36.68516596940515,33.54543198499858,29.769402045596273
M4,16.785662890137328,20.157782497087975,63.05655461277469
M5,46.600830144400106,30.263266728477774,23.13590312712212
M6,19.772314719342344,37.58123371203822,42.64645156861943
M7,48.10430844240798,46.75984072956776,5.13585082802426
M8,5.174437513224969,4.809081337412681,90.01648114936235
M10,6.095744906512262,78.4668756873861,15.437379406101627
M1,35.74245031114749,35.61820573194781,28.639343956904696
M4,16.462686550796704,21.979349562934544,61.55796388626875
M5,45.141769319282936,32.56278482876501,22.295445851952053
M6,19.018819347216656,40.161097905218234,40.8200827475651
M7,45.32850442442409,49.812440545409814,4.859055030166097
M8,5.1625554024905345,5.350316761325508,89.48712783618396
M9,84.64075829440829,4.887299939319794,10.47194176627192
M1,38.721961139151844,33.25390490371905,28.02413395712911
M3,7.066274931477785,73.71421212126181,19.219512947260412
M6,21.232580332362794,37.921037372552796,40.8463822950844
M7,49.42150172587145,45.84009845327296,4.738399820855591
M8,5.751805737086644,5.020947404151206,89.22724685876216
M9,86.2319694510901,4.213166378299651,9.554864170610255
M10,6.5177937127638685,78.76819099833921,14.714015288896917
M1,37.43610515612806,34.397180757266725,28.166714086605218
M3,6.6741518657560395,74.45747116384598,18.868376970397975
M5,47.35185387157497,30.87247639843836,21.775669729986674
M7,48.28705796804133,46.94338060121473,4.769561430743941
M8,5.540952652799702,5.167842284810992,89.29120506238931
M9,85.65107276780735,4.473689465723489,9.875237766469162
M10,6.151988121513749,79.43139580872152,14.416616069764729
M1,35.95593204353866,35.853707953778134,28.1903600026832
M3,6.074835768387713,75.80087403666535,18.124290194946937
M5,45.16475975428306,32.91384150823451,21.921398737482427
M6,19.072697042631138,40.70274449725828,40.224558460110586
M8,5.241449901820076,5.489764141311336,89.26878595686858
M9,84.75029570856712,4.950892897415455,10.298811394017422
M10,5.586912448356131,80.60812786042435,13.804959691219523
M1,36.77830125079507,36.54817975983529,26.67351898936964
M3,6.225501639486803,76.67522789457955,17.099270465933643
M5,46.16078779675605,33.20913131985079,20.630080883393163
M6,19.797880773374487,41.74157852581176,38.46054070081375
M7,45.600510912939754,49.97722732129839,4.422261765761853
M9,85.49611580900033,4.935518063179555,9.568366127820116
M10,5.70760476637395,81.30377569121826,12.98861954240779
M1,37.21775691559532,35.180200636296874,27.60204244810781
M3,6.549665935001298,75.19545509713807,18.254878967860634
M5,47.07770524642907,31.5797142256903,21.34258052788063
M6,20.260800676712005,39.8127754779617,39.92642384532629
M7,47.16404662452681,48.19630187853844,4.639651496934746
M8,5.595175208300252,5.3917792441870445,89.0130455475127
M10,6.027164505082959,80.05244088261419,13.920394612302843
M1,35.30577356736352,38.02504466742596,26.669181765210524
M3,5.909658974604611,77.31677890814268,16.77356211725271
M5,44.929924869423246,34.3252951796497,20.744779950927054
M6,19.058368814249633,42.66976320664499,38.27186797910538
M7,44.16477568825256,51.409122440935214,4.426101870812225
M8,5.47275507211852,5.98354801873992,88.54369690914156
M9,84.96625333264863,5.210178180321156,9.82356848703021
M1,37.70717353358272,34.05858897684386,28.234237489573424
M3,6.761526207013477,74.21172635597621,19.026747437010314
M4,17.6870807998278,21.01143414508744,61.30148505508477
M7,48.28790579264919,46.92862818124076,4.783466026110048
M8,5.5674729911467224,5.11096858635503,89.32155842249824
M9,85.76277934836769,4.403213166849295,9.834007484783019
M10,6.236194926270475,79.21670185549081,14.547103218238718
M1,35.919462821588745,35.662405793557646,28.418131384853602
M3,6.259575719418797,75.1647553509883,18.575668929592908
M4,16.803844805127138,21.803397206202074,61.39275798867078
M6,19.413848817396776,39.863898705905186,40.722252476698046
M8,5.285443316881891,5.308189208238595,89.40636747487952
M9,84.95073677847014,4.782561540327606,10.26670168120225
M10,5.76503268605106,80.06232841118076,14.172638902768185
M1,37.097872274274394,36.699840967335035,26.20228675839057
M3,6.475364323964665,76.4638380952417,17.060797580793633
M4,18.10473984462744,23.143740232007406,58.751519923365166
M6,20.481828785068128,41.37960734028219,38.13856387464968
M7,46.65202406558064,49.01056011988956,4.337415814529798
M9,86.01287469729174,4.757722192395507,9.229403110312758
M10,5.938016860852362,81.10087047696734,12.961112662180298
M1,37.674843810636865,34.86198061969209,27.463175569671044
M3,6.678984479432153,75.02906623751232,18.291949283055516
M4,17.898232155807737,21.73996349254587,60.3618043516464
M6,20.5680025637487,39.5815241140771,39.850473322174196
M7,48.36266034307351,47.02341278449174,4.613926872434753
M8,5.687342512808997,5.366785734552511,88.9458717526385
M10,6.144605741449182,79.90448197119501,13.950912287355806
M1,37.00719868617071,36.74195155657819,26.250849757251103
M3,6.272053214966796,76.89806900946397,16.82987777556923
M4,17.762482815138096,23.531850749406356,58.70566643545554
M6,20.008995999951598,42.004137418039384,37.98686658200902
M7,45.75150806080686,49.91330369926254,4.335188239930595
M8,5.765490900693996,5.927005104526411,88.3075039947796
M9,85.7031497292308,4.925022041312505,9.371828229456693
M1,34.34356682260571,36.61788180905637,29.03855136833792
M3,5.842271873579631,75.59925944830889,18.55846867811148
M4,15.842248357331535,22.176737698419558,61.981013944248915
M5,44.00184505248801,33.25878678902679,22.7393681584852
M8,4.9481065888854445,5.368887436375337,89.68300597473922
M9,84.03140638730636,5.093608080626527,10.874985532067111
M10,5.378264213310277,80.47304631760078,14.14868946908895
M1,35.389377456401625,37.48209821685626,27.12852432674211
M3,5.972524659474189,76.8257060796563,17.20176926086951
M4,16.838913322050857,23.42778002693022,59.73330665101892
M5,45.04483465442863,33.84811472621592,21.107050619355455
M7,44.51761312453679,50.95502864822293,4.527358227240285
M9,84.91663653726282,5.119710499566483,9.963652963170698
M10,5.476731801110839,81.45940826763395,13.063859931255209
M1,36.03877173690699,35.82460783987168,28.13662042322133
M3,6.209964463351669,75.51698543205168,18.27305010459665
M4,16.844373724183946,22.133746443189963,61.021879832626084
M5,45.68543109977661,32.44592685117228,21.86864204905111
M7,45.73390622525636,49.51566057131815,4.750433203425487
M8,5.321214363390379,5.414214732621099,89.26457090398851
M10,5.71427397423541,80.35814501915632,13.927581006608264
M1,34.19257146984318,38.372995005299934,27.43443352485688
M3,5.667492009434958,77.24696992543994,17.085538065125107
M4,16.158376845666307,23.834538410053753,60.007084744279936
M5,43.73160353269409,34.8219925294238,21.44640393788211
M7,43.10762569568084,52.301878978195944,4.590495326123218
M8,5.168598873460225,5.909639737350407,88.92176138918937
M9,84.27113623286263,5.392456995129602,10.336406772007766
M1,34.202304215278176,39.7923807663185,26.005315018403323
M3,5.5661125994123895,78.54289761652257,15.890989784065042
M4,16.53962975073958,25.271464248201525,58.188906001058896
M5,43.66694145169345,36.04147137106354,20.291587177243017
M6,18.39279588616472,44.46147681635599,37.14572729747929
M9,84.56173985237268,5.59930951932247,9.838950628304847
M10,5.071485318267561,82.92239353872772,12.00612114300472
M1,34.35322626022406,37.726553654780346,27.92022008499559
M3,5.754450709246901,76.68193325102638,17.563616039726725
M4,16.127574687106552,23.246668709323746,60.62575660356971
M5,43.95186844258339,34.224357853501104,21.823773703915506
M6,18.39120964616038,41.92781999586722,39.680970357972406
M8,5.118466071924177,5.721719281339038,89.15981464673679
M10,5.279933547138582,81.37265399452092,13.3474124583405
M1,33.5275373239977,40.01913558871067,26.453327087291626
M3,5.434521412698916,78.50532362061858,16.060154966682504
M4,16.082403543750274,25.21020926336551,58.70738719288421
M5,42.940274058972776,36.354823952410186,20.70490198861704
M6,17.937287249897004,44.47840608570053,37.584306664402476
M8,5.22671391045505,6.354883767009473,88.41840232253548
M9,84.12993861041065,5.711342958623554,10.158718430965799
M1,34.119936614696144,41.3757682325153,24.504295152788558
M3,5.431174313126932,79.91687413612713,14.651951550745935
M4,16.910324582242808,26.907599329521446,56.182076088235746
M5,43.50691873087307,37.40029699127584,19.092784277851095
M6,18.439835096622822,46.40318007527477,35.1569848281024
M7,41.57859238052444,54.46171193085264,3.959695688622922
M10,4.938239937042442,84.02656602956613,11.035194033391434
M1,31.89331514583136,43.45832216132908,24.648362692839555
M3,4.887609765209412,80.91410759776876,14.19828263702182
M4,15.708951014639212,28.111461096831597,56.17958788852919
M5,41.15595453952676,39.44132055536969,19.402724905103547
M6,17.000192949402773,48.10340357882035,34.89640347177688
M7,38.83688095103415,57.182795795678715,3.980323253287132
M9,83.63277990408706,6.469418036683503,9.897802059229438
M1,33.55614120611421,41.74148223871521,24.702376555170588
M3,5.300108626107281,80.04036148438738,14.659529889505336
M4,16.559357725033514,27.03963515738042,56.40100711758606
M5,42.87829259154626,37.83026604261278,19.29144136584096
M6,18.061248916657362,46.63565865754365,35.30309242579899
M7,40.95959044846721,55.042045831407485,3.9983637201253046
M8,5.5419385131532275,7.014656364517482,87.4434051223293
M1,41.05603000993348,31.820567948531522,27.123402041534998
M2,74.15940687917879,15.070723250078432,10.76986987074278
M6,22.902769682891147,36.900908147875384,40.19632216923347
M7,51.93596814603691,43.51287273571906,4.55115911824403
M8,6.260869767589489,4.949065722884777,88.79006450952573
M9,87.31798445001039,3.8508307702326436,8.83118477975697
M10,7.166917166496451,78.08254505613534,14.750537777368208
M1,40.44478235332385,32.244846192368556,27.310371454307592
M2,73.66473943618386,15.4003317189781,10.934928844838035
M5,50.53163695086086,28.597511917647317,20.870851131491825
M7,51.26687425009081,44.142190688447634,4.590935061461558
M8,6.131218224906488,4.9851281263433895,88.88365364875013
M9,87.06314710154902,3.941669138886677,8.995183759564302
M10,6.989746173488186,78.30292496489197,14.707328861619843
M1,36.20287122451366,35.81352470977979,27.98360406570655
M2,70.4313781075917,17.744739670802076,11.823882221606226
M5,46.53587253452922,31.741985502486212,21.72214196298457
M6,19.895345774428133,39.753494818972435,40.35115940659943
M8,5.4486030459283015,5.337846852321286,89.2135501017504
M9,85.35926893938488,4.666626904134273,9.974104156480852
M10,5.921886395735445,79.99913618605464,14.078977418209917
M1,42.00916606878982,32.182477936707194,25.80835599450299
M2,74.8564055069481,15.029990664969594,10.113603828082313
M5,52.107806750825816,28.324183889019977,19.568009360154207
M6,23.675431302765464,37.69238456389731,38.632184133337226
M7,52.373118182487744,43.36185417039656,4.265027647115694
M9,87.9085889087468,3.8277928402514836,8.263618251001724
M10,7.307886417400951,78.69810046308864,13.994013119510413
M1,40.48198252313706,32.68662970747559,26.831387769387348
M2,73.6672824058091,15.602933664493314,10.729783929697582
M5,50.545463480136675,28.973751246976903,20.480785272886422
M6,22.52477747211037,37.81705084146721,39.65817168642242
M7,51.0115592548286,44.50483821296732,4.483602532204081
M8,6.237413659623061,5.123061369631069,88.63952497074587
M10,6.943804214655074,78.73872175773857,14.317474027606352
M1,40.1489574023293,33.61639576193129,26.23464683573941
M2,73.35142882715037,16.106228234787377,10.542342938062252
M5,50.153816074919554,29.810805825694576,20.03537809938587
M6,22.334907567971257,38.89274406658633,38.77234836544241
M7,50.20451104685053,45.44437281412315,4.351116139026324
M8,6.307511149181535,5.370907922831425,88.32158092798704
M9,87.13124161292478,4.152660713413144,8.716097673662073
M1,39.85559553454038,32.7901804941033,27.35422397135632
M2,73.17306575858073,15.787176122523897,11.039758118895369
M4,19.299927426068624,20.2576485112195,60.44242406271188
M7,50.505405019426256,44.89714206951416,4.597452911059584
M8,6.03383819287359,5.062952685660519,88.90320912146589
M9,86.81504669737384,4.063773753084997,9.121179549541157
M10,6.789920184251854,78.66572009812107,14.544359717627074
M1,37.15415233349121,34.91604079285409,27.929806873654698
M2,70.84308597502609,17.44821940345235,11.708694621521566
M4,17.494468400375556,21.624149126807115,60.881382472817336
M6,20.200701465667343,39.45625061795312,40.34304791637953
M8,5.537442220949927,5.28636084782969,89.17619693122039
M9,85.5837833779361,4.571043892795148,9.845172729268752
M10,6.043630024627487,79.80754867417652,14.148821301195994
M1,41.046474910591925,33.36827715549358,25.585247933914495
M2,74.0585184395281,15.787338078811652,10.154143481660247
M4,20.483467676291493,21.254003768138652,58.26252855556985
M6,23.01041122449624,38.88622492606429,38.103363849439475
M7,50.97898330742721,44.80536500462534,4.215651687947457
M9,87.58862086630208,4.052476344622814,8.358902789075106
M10,6.950289610301593,79.5296450472981,13.5200653424003
M1,40.16431941733437,33.30460068075654,26.531079901909088
M2,73.3799009558597,15.958147128919705,10.661951915220598
M4,19.78929830055978,20.784697281790738,59.42600441764948
M6,22.324096280903717,38.49917895577029,39.17672476332599
M7,50.40245013303253,45.18156287024715,4.415986996720321
M8,6.248649076401231,5.268760718907087,88.48259020469168
M10,6.7900833612900104,79.22795759931299,13.981959039396997
M1,40.16975160673303,34.10878302977024,25.721465363496733
M2,73.34659569411879,16.325016871826346,10.328387434054864
M4,19.688704511129885,21.96480243723412,58.346493051635996
M6,22.392592439253775,39.52077104856889,38.086636512177336
M7,49.93718654663451,45.82184799091587,4.240965462449623
M8,6.412682814596499,5.545272569508418,88.0420446158951
M9,87.23578484018894,4.21396413105447,8.550251028756588
M1,35.55647401391849,35.47408300789949,28.969442978182023
M2,69.01209843817017,18.494730332466712,12.493171229363117
M4,16.244416386836637,21.84341351996994,61.912170093193424
M5,44.871995178300075,32.5495030305166,22.578501791183328
M8,5.077484866071268,5.291627475333539,89.63088765859519
M9,84.437402794438,4.931078940038638,10.631518265523361
M10,5.578969463676579,80.12882730892834,14.292203227395092
M1,39.8805744537158,33.79793202416923,26.32149352211497
M2,73.13188433997273,16.251880198988168,10.616235461039103
M4,19.347897889309802,21.549610389982206,59.10249172070799
M5,49.87387111470255,30.002629592127835,20.123499293169612
M7,49.907397469840255,45.72374040108176,4.368862129077982
M9,87.01162854559084,4.196907368611269,8.791464085797893
M10,6.666870130462282,79.59826244547993,13.734867424057782
M1,38.684485208666636,33.967977030834774,27.34753776049859
M2,72.1682339062947,16.617554573318678,11.21421152038662
M4,18.427203406193243,21.275227606811345,60.297568986995415
M5,48.65254720417559,30.322205059159614,21.025247736664795
M7,48.38940837409285,47.01692816566756,4.59366346023959
M8,5.856522629160897,5.245111745190123,88.89836562564898
M10,6.420439841455086,79.41142881098177,14.168131347563133
M1,37.62207282325827,35.353438227728645,27.024488949013083
M2,71.21448067854791,17.54081742026886,11.244701901183227
M4,17.98538309779267,22.21062069321026,59.80399620899708
M5,47.49364948925387,31.652070349316514,20.854280161429617
M7,47.3703017863684,48.11613422203787,4.513563991593728
M8,5.7513402924109425,5.513131569289599,88.73552813829946
M9,85.95424391792194,4.6001646726883045,9.445591409389753
M1,36.073118504916934,37.25786484734496,26.669016647738104
M2,69.77461996185043,18.880978014742187,11.34440202340738
M4,17.309431888144307,23.476382848416268,59.21418526343943
M5,45.78084395015965,33.53269635945129,20.686459690389057
M6,19.56886692617165,41.999753161602584,38.431379912225765
M9,85.32912077880074,5.015684727838985,9.655194493360273
M10,5.617236003891793,81.46008613727801,12.922677858830198
M1,35.83768844673992,35.75138025040039,28.410931302859694
M2,69.16029590592927,18.62520631957484,12.214497774495886
M4,16.487996945514762,22.25185746867159,61.260145585813646
M5,45.03271571689946,32.86203030606592,22.10525397703462
M6,18.97966628606907,40.53859012404747,40.48174358988347
M8,5.188668841222092,5.438691941799906,89.372639216978
M10,5.574038280613357,80.4955130035352,13.930448715851455
M1,34.667163041925754,37.83242263216703,27.500414325907208
M2,68.4725958821119,19.580777918406735,11.946626199481361
M4,16.380352712931597,23.485749948233625,60.13389733883478
M5,44.26236111364894,34.275268000359226,21.46237088599183
M6,18.605879511679465,42.18812109133479,39.205999396985746
M8,5.228454956076604,5.8156140871025706,88.95593095682082
M9,84.49026076759746,5.261848442426522,10.247890789976015
M1,41.304721583794546,34.2135218774252,24.481756538780253
M2,74.21186794418502,16.114763297238124,9.67336875857686
M4,20.697208079173905,22.52588120624451,56.77691071458159
M5,51.283776297195764,30.136601372086876,18.57962233071736
M6,23.278244243858428,40.075045962982685,36.64670979315889
M7,50.678488820327665,45.3407254459152,3.9807857337571377
M10,6.904288140673275,80.35341623400711,12.742295625319613
M1,44.21242258434011,32.776964482547214,23.010612933112675
M2,76.3986690325713,14.854959515124992,8.746371452303702
M4,22.547152511444615,22.489192810428236,54.963654678127156
M5,54.22659318146684,28.524221067183955,17.249185751349206
M6,25.48436304795437,39.28020120187697,35.235435750168655
M7,53.46446821328584,42.84451833278016,3.691013453933998
M9,89.14827876829946,3.7563616612611015,7.095359570439436
M1,40.20871790700201,35.25227136822596,24.539010724772027
M2,73.30992254769252,16.850484434278368,9.83959301802911
M4,20.095750591409296,23.147226109669084,56.75702329892162
M5,50.12198303777048,31.179576404069152,18.69844055816037
M6,22.494968289539383,41.022915634474444,36.48211607598617
M7,49.30854041583342,46.704500342741035,3.986959241425545
M8,6.668509080515888,5.963594626355038,87.36789629312908
M1,39.56815468364745,33.514847374985656,26.916997941366894
M2,72.90229552790846,16.198653140259164,10.899051331832371
M3,7.2210704595277795,74.31776048064397,18.46116905982825
M7,49.85426042060347,45.6476081298473,4.498131449549234
M8,6.074185427572362,5.249418263975924,88.67639630845171
M9,86.78442811249957,4.179604588562933,9.035967298937498
M10,6.654265258077775,79.24331352294183,14.102421218980396
M1,36.98148491279249,36.58384210543562,26.43467298177189
M2,70.91079628908588,18.03377426062803,11.055429450286091
M3,6.472002999140243,76.2847107216006,17.243286279259152
M6,20.39197820301158,41.172577421655674,38.43544437533275
M8,5.812451681463003,5.752850420543967,88.43469789799303
M9,85.93099294829523,4.744570252686137,9.324436799018635
M10,5.9382890715151255,80.9541769075294,13.10753402095547
M1,39.49265708493978,35.04643041586422,25.460912499196
M2,72.74828719797785,16.93470289119499,10.317009910827164
M3,7.041137036501993,75.89907916514868,17.05978379834933
M6,21.93815432484301,40.48366216225469,37.5781835129023
M7,48.57973691790071,47.237254899450726,4.183008182648564
M9,87.01443700189982,4.396039674582526,8.589523323517653
M10,6.444118609374598,80.58569427067494,12.970187119950467
M1,39.420622751846736,34.63913133667828,25.94024591147498
M2,72.70807037073693,16.763010301857737,10.52891932740533
M3,7.066133158537701,75.45403432364498,17.47983251781733
M6,21.849291728221736,39.93695095236698,38.21375731941128
M7,48.53284796887256,47.18161736782413,4.285534663303309
M8,6.248667133356613,5.587099797632129,88.16423306901125
M10,6.489496412674805,80.20236750194128,13.308136085383907
M1,38.70099120491272,35.904690016065146,25.394318779022136
M2,72.05517490129105,17.540233035082775,10.404592063626172
M3,6.783305846471538,76.48002631780535,16.73666783572311
M6,21.386505411246088,41.2993370069136,37.314157581840306
M7,47.813225641898335,48.025728811018325,4.16104554708334
M8,6.243586848439356,5.897061740918519,87.85935141064213
M9,86.70252518656622,4.583042268786394,8.714432544647387
M1,36.407734406469274,36.243974618604916,27.34829097492581
M2,69.69240527818017,18.6676670357039,11.639927686115925
M3,6.141910154572227,76.3232718472474,17.534817998180372
M5,45.67161351242319,33.124606289353146,21.20378019822366
M8,5.453324638759215,5.686631978919652,88.86004338232114
M9,85.14146791599262,4.957482874479471,9.901049209527908
M10,5.639189802105619,81.02774162467703,13.333068573217346
M1,38.13252950678421,35.682976788538085,26.184493704677706
M2,71.61080450687523,17.57223816590179,10.816957327222983
M3,6.694288232479509,76.03682594815294,17.268885819367554
M5,47.987798118121404,31.865445463459128,20.146756418419468
M7,47.55378188142884,48.1152416616365,4.330976456934657
M9,86.32630775681744,4.597884371244084,9.075807871938473
M10,6.137357833044297,80.73486634560922,13.12777582134649
M1,38.26679270803515,35.080272507285954,26.652934784678898
M2,71.77172137341039,17.246077832416574,10.982200794173039
M3,6.783870105494924,75.4693286988747,17.74680119563037
M5,48.16516039759426,31.32812285363631,20.506716748769428
M7,48.454260930889426,47.108417208379514,4.4373218607310605
M8,5.923543199357913,5.538658895930879,88.53779790471121
M10,6.230245584779207,80.25497602775138,13.514778387469406
M1,36.96092133082506,36.68053564165233,26.358543027522614
M2,70.38869835965205,18.51719500897273,11.094106631375215
M3,6.295959676258391,76.75614073314247,16.947899590599135
M5,46.510492149914754,33.11610398097244,20.373403869112806
M7,45.87560556755809,49.763988214262135,4.360406218179776
M8,5.751562170750723,5.879238890686724,88.36919893856256
M9,85.70234607299119,4.896666648050323,9.400987278958485
M1,35.57658708074523,39.229512421568714,25.19390049768606
M2,69.2411128021804,19.97725532256541,10.781631875254195
M3,5.8670549877088325,78.52335955814978,15.609585454141396
M5,45.15517409785392,35.30370252549768,19.5411233766484
M6,19.329496554074197,44.28694442729095,36.383559018634855
M9,85.38646677905903,5.3658359346463325,9.247697286294633
M10,5.353201808801864,82.84984521985409,11.79695297134404
M1,35.989060289353205,38.49259526939126,25.518344441255536
M2,69.64597343719419,19.49513797504578,10.858888587760035
M3,6.009881409325734,77.98756812973043,16.002550460943837
M5,45.644784389580664,34.5824755231052,19.772740087314133
M6,19.591678320135113,43.514827132267705,36.89349454759718
M8,5.78598477894803,6.293460319668328,87.92055490138364
M10,5.489949868831068,82.39864519818276,12.111404932986176
M1,35.07106256536299,39.66696551422364,25.261971920413366
M2,68.7534325773528,20.354625992726973,10.89194142992023
M3,5.733458519497413,78.74978746338626,15.516754017116327
M5,44.598604708824425,35.77222195088105,19.62917334029453
M6,18.994265570099078,44.65110816185743,36.354626268043496
M8,5.686555443833428,6.541120875076263,87.77232368109031
M9,85.13159998944066,5.487721569885112,9.38067844067423
M1,37.19144599065799,38.30154133675283,24.507012672589184
M2,70.69131485756769,19.06860373926287,10.240081403169441
M3,6.259944980293214,78.25417199649652,15.485883023210263
M5,46.87101016981259,34.24970762587782,18.87928220430959
M6,20.446380720108806,43.76236408930538,35.791255190585815
M7,45.43173107758362,50.59671564823754,3.971553274178838
M10,5.709152288360904,82.57955950527695,11.711288206362156
M1,34.79566688869546,40.74721214074009,24.45712097056446
M2,68.44084902936584,20.981770863778564,10.5773801068556
M3,5.598826396368108,79.60662698513646,14.794546618495431
M5,44.25362264677229,36.73958205735671,19.006795295871
