M7,48.210331186048855,46.82592408900822,4.963744724942927
M8,5.4211892147920535,4.893756775553911,89.68505400965404
M9,85.5596585887802,4.32809528136869,10.112246129851115
M10,6.295470220798249,78.55205851350567,15.152471265696079
M6,19.62873895914421,38.201576437992514,42.16968460286327
M8,5.185639011506426,4.938421915623638,89.87593907286994
M9,84.95021750565586,4.529487697642027,10.520294796702116
M10,5.990001597800265,78.91694382839995,15.09305457379979
M6,20.499674769665774,38.43489858092259,41.065426649411634
M7,48.27152844526631,46.909759442722134,4.8187121120115535
M9,85.70845315965391,4.3939534818461246,9.897593358499961
M10,6.239932791308138,79.10514858809903,14.654918620592838
M6,20.44090342113891,37.57260155658028,41.986495022280806
M7,48.204654738007605,46.81789123526613,4.977454026726264
M8,5.4112507290033545,4.8767939846372155,89.71195528635943
M10,6.302395080161256,78.49866513244132,15.198939787397421
M6,20.173799643575506,38.508664901149245,41.31753545527525
M7,48.231055957200155,46.88904981685569,4.879894225944156
M8,5.41612223717305,5.0683064104221955,89.51557135240475
M9,85.44909557131766,4.467377520188192,10.083526908494152
M5,45.33708870215356,31.63307107191644,23.029840225930002
M8,5.043308514625972,5.057393610597607,89.89929787477641
M9,84.52515944809912,4.724322901157624,10.750517650743259
M10,5.7444800674638055,79.39207050507983,14.86344942745636
M5,46.51546537380218,31.33424406936972,22.1502905568281
M7,46.94673574809937,48.20411055625246,4.84915369564817
M9,85.23654080474843,4.605208502469819,10.158250692781753
M10,5.965087885334912,79.56294674767454,14.471965366990545
M5,46.60946579737747,30.764059623267915,22.626474579354618
M7,47.37712280889895,47.63290393724311,4.98997325385794
M8,5.273846479579841,4.987588666656032,89.73856485376412
M10,6.044532260413979,79.00695484608495,14.948512893501075
M5,45.87771456714982,31.703675592157875,22.4186098406923
M7,46.326098892070334,48.76138383020499,4.912517277724675
M8,5.232816820946634,5.173665506302862,89.5935176727505
M9,84.90666231024008,4.703389358901311,10.389948330858608
M5,45.19284372000285,32.366129690588984,22.441026589408168
M6,19.029792989875652,39.904066178010034,41.06614083211431
M9,84.61518940096128,4.859682210515678,10.525128388523036
M10,5.6459545263782385,80.07326420199185,14.28078127162992
M5,45.25564624702462,31.626061755091733,23.118291997883645
M6,18.986679523996727,38.864193470670074,42.1491270053332
M8,5.017391505942502,5.037727027099823,89.94488146695768
M10,5.73374285442455,79.34616522692956,14.920091918645895
M5,44.619997185472194,32.60417752795637,22.77582528657144
M6,18.675803622221963,39.92262166831795,41.401574709460085
M8,5.010848050634815,5.258229216300071,89.73092273306511
M9,84.2974456585258,4.938806961496638,10.76374737997756
M5,46.467668098970776,31.486872528593334,22.04545937243589
M6,19.81811111545523,39.311150908607424,40.87073797593735
M7,46.83226057035436,48.345484863137436,4.822254566508207
M10,5.939682084372393,79.70241669439544,14.357901221232169
M5,45.55542300299672,32.57677125470125,21.867805742302032
M6,19.304109371295898,40.42737588255327,40.268514746150835
M7,45.572285585062815,49.68041814580009,4.747296269137095
M9,84.92537661329938,4.868324800828247,10.206298585872375
M5,45.80681901090612,31.850622737273607,22.342558251820275
M6,19.399521887982523,39.4812971430228,41.11918096899467
M7,46.18652435378904,48.92408480694802,4.889390839262944
M8,5.239229738904441,5.212729017235897,89.54804124385966
M4,16.28329440980558,20.709100370041146,63.00760522015328
M8,5.020292973334734,4.952755019844299,90.02695200682096
M9,84.54065423860247,4.653939701683717,10.805406059713812
M10,5.814100851059271,79.05142180694351,15.134477341997226
M4,17.185764555404134,21.11515434418273,61.69908110041314
M7,47.32197455645406,47.81072074077055,4.867304702775392
M9,85.33783155568473,4.538150402318662,10.124018041996608
M10,6.042663888656098,79.36171273493264,14.595623376411268
M4,16.95203554807399,20.472505236858293,62.57545921506771
M7,48.15011313832106,46.81108064069544,5.038806220983503
M8,5.256089035445684,4.9123781760459755,89.83153278850834
M10,6.074425461257185,78.78216339967506,15.143411139067751
M4,16.8396825132316,21.11374222797947,62.046575258788934
M7,46.783425040143236,48.275881659800724,4.94069330005604
M8,5.256061338191743,5.097294726740791,89.64664393506747
M9,85.02768260057466,4.616683718912274,10.355633680513062
M4,16.55526686959296,21.466738379315554,61.97799475109149
M6,19.22010953408907,39.440241278042464,41.339649187868474
M9,84.73544942167034,4.751953377343493,10.512597200986168
M10,5.746089803797651,79.7652350883451,14.488675107857262
M4,16.16317909433582,20.512784125012598,63.32403678065158
M6,19.018595701752286,38.19311584350354,42.78828845474417
M8,4.961918074387397,4.8880454022616915,90.1500365233509
M10,5.7928781083204,78.89359987803658,15.313522013643023
M4,16.153028433837036,21.32661923330668,62.520352332856284
M6,18.848674075861894,39.30732711924911,41.843998804889
M8,5.009895733360195,5.1310359544052755,89.85906831223453
M9,84.37150188734208,4.830279619754829,10.798218492903093
M4,17.23313413263563,21.2241790305612,61.54268683680317
M6,19.997281665813514,38.97205332409905,41.03066501008743
M7,47.24067052913304,47.92005848288014,4.839270987986822
M10,6.027563199900094,79.4750202946563,14.497416505443596
M4,17.048450150732574,21.92924571037019,61.02230413889723
M6,19.65136540889317,39.96591416352697,40.38272042757986
M7,46.264368505705825,48.99016951927084,4.745461975023332
M9,85.1820327642491,4.744653022029559,10.07331421372134
M4,16.84142409013827,21.18086613146376,61.977709778397966
M6,19.605303511592396,38.985379545653124,41.40931694275448
M7,46.7063851544848,48.367603010549374,4.926011834965827
M8,5.260604907108578,5.118149971573033,89.6212451213184
M4,15.940968684909086,21.84981615373851,62.20921516135241
M5,44.32903346391819,32.82439429197888,22.84657224410293
M9,84.15182442088386,4.9938414875408785,10.854334091575266
M10,5.467671114900682,80.18325005244712,14.349078832652197
M4,15.656828842290341,21.042567720104373,63.30060343760529
M5,44.24791052134572,32.11942360004223,23.632665878612045
M8,4.8133851126127665,5.016716304083891,90.16989858330335
M10,5.5276264431304005,79.43989163369261,15.032481923176988
M4,15.52419888072355,21.778619889323426,62.69718122995303
M5,43.64481762375376,33.071472121572334,23.283710254673906
M8,4.8062525983158135,5.227791594138957,89.96595580754523
M9,83.71902651859035,5.094398559808718,11.18657492160093
M4,16.553211477431734,21.668725565963303,61.77806295660497
M5,45.45279176341923,32.15021696709375,22.396991269487025
M7,45.76942616302292,49.33490590775528,4.895667929221801
M10,5.708532124223245,79.96212339442062,14.329344481356145
M4,16.215452111779403,22.413641111667992,61.37090677655261
M5,44.49535176474719,33.25687551420052,22.247772721052286
M7,44.49077537936956,50.681079117075186,4.828145503555255
M9,84.3813170879774,5.052395970021205,10.566286942001401
M4,16.100938414002005,21.706199470575843,62.19286211542216
M5,44.66717118368518,32.53938103269523,22.79344778361959
M7,45.023397701027655,49.99023633429386,4.986365964678484
M8,5.012350475622785,5.246063303797352,89.74158622057986
M4,15.8978445213117,21.978719062036667,62.123436416651636
M5,44.189701726102534,33.000829351974005,22.80946892192346
M6,18.429633107961003,40.25741938776939,41.312947504269616
M10,5.4324025929942845,80.29180407616094,14.275793330844778
M4,15.686239784150755,22.74657861036082,61.56718160548842
M5,43.44410660101892,34.03947883134113,22.51641456763995
M6,18.037690080593652,41.35372173346868,40.60858818593767
M9,83.85266722357757,5.260877656060072,10.88645512036236
M4,15.379176302744934,21.775659705678265,62.8451639915768
M5,43.397454982170544,33.18643168367656,23.416113334152897
M6,17.923309799023297,40.07576431226521,42.00092588871149
M8,4.756642302645845,5.217347290552887,90.02601040680128
M4,16.21514982860684,22.78852179060028,60.996328380792875
M5,44.328179809734046,33.64537483776929,22.026445352496665
M6,18.583409330180505,41.29872708223452,40.11786358758498
M7,44.166017436138475,51.071826603572035,4.7621559602894905
M3,6.344837153984474,74.61246065221185,19.042702193803677
M8,5.238396823062476,5.150517420875854,89.61108575606167
M9,84.93466753406787,4.6809723967828605,10.38436006914927
M10,5.851697369902563,79.59620475377696,14.552097876320474
M3,6.541235417440003,74.8645486333882,18.594215949171797
M7,47.18064953525188,48.08876260794141,4.730587856806707
M9,85.5237205165569,4.584625201175793,9.8916542822673
M10,6.0255213608934755,79.78047444033214,14.19400419877438
M3,6.627015598189295,74.21977603886708,19.15320836294363
M7,48.23835653932244,46.899787890343404,4.861855570334157
M8,5.426322308461387,5.095795930160738,89.47788176137789
M10,6.1144395902388435,79.23918864577955,14.646371763981605
M3,6.427961265251225,74.96853934632215,18.603499388426627
M7,46.72744326214087,48.49869261157591,4.773864126283215
M8,5.40851273129538,5.287278323577182,89.30420894512744
M9,85.29168367970347,4.65944674552031,10.048869574776223
M3,6.228217282859193,75.5628176831955,18.208965033945304
M6,19.447661983070944,40.35409800606272,40.198240010866336
M9,85.04073795365304,4.832263774509714,10.12699827183725
M10,5.730038962997076,80.39353450079189,13.876426536211042
M3,6.32595693418525,74.74118000670734,18.932863059107405
M6,19.472947110162472,39.33699538948277,41.19005750035476
M8,5.250328110845851,5.186810362675797,89.56286152647834
M10,5.832479140083383,79.7047340287274,14.46278683118922
M3,6.140083757616609,75.58018995820849,18.2797262841749
M6,19.192774114372586,40.41491167631945,40.39231420930797
M8,5.264348287378622,5.416687075560309,89.31896463706107
M9,84.82579552178939,4.892224027143146,10.281980451067465
M3,6.491518462820261,75.21051687906805,18.29796465811168
M6,20.09914201565778,39.847224251288644,40.05363373305358
M7,46.93075738275942,48.40004062611076,4.669201991129825
M10,5.974504921244667,80.07039404419223,13.9551010345631
M3,6.2571441630129945,76.02115023417488,17.721705602812122
M6,19.679326254469323,40.91447963173075,39.406194113799934
M7,45.85031400580886,49.56577757080528,4.583908423385857
M9,85.29734911614797,4.8701366056145785,9.83251427823745
M3,6.377992163142921,75.31978120833348,18.3022266285236
M6,19.804757672007113,40.01773469567378,40.177507632319106
M7,46.453488887670666,48.84067967707961,4.705831435249721
M8,5.4441743148880235,5.3933862486005415,89.16243943651145
M3,5.959182919094581,75.93208871602967,18.108728364875745
M5,44.72871143355126,33.217713142295466,22.053575424153273
M9,84.53432887083298,5.034046747062267,10.431624382104754
M10,5.4916152801279035,80.72537723319105,13.783007486681043
M3,6.055907714212325,75.21184755897093,18.732244726816745
M5,44.93324714619133,32.50962690842021,22.557125945388464
M8,5.089056584623793,5.289334036621135,89.62160937875507
M10,5.593131227687719,80.11251494617211,14.294353826140167
M3,5.8659741230409015,75.97687620941163,18.157149667547472
M5,44.243016970180946,33.48170734634075,22.275275683478306
M8,5.063603912563656,5.501060378578769,89.43533570885758
M9,84.26539292191916,5.109983400054144,10.624623678026698
M3,6.195308980531331,75.66872620353774,18.13596481593092
M5,45.67662593682516,32.57289673759632,21.750477325578522
M7,45.65241255139418,49.62983727568742,4.7177501729184
M10,5.698485635862593,80.48459854189669,13.816915822240716
M3,5.906214850541644,76.51707263942694,17.576712510031413
M5,44.66300037136967,33.75228773687459,21.584711891755738
M7,44.31577752448894,51.04277303395191,4.641449441559153
M9,84.61997769287402,5.142527431506374,10.23749487561961
M3,6.054006116531323,75.8272976405884,18.118696242880276
M5,45.07736592235633,32.975717636841736,21.946916440801935
M7,45.0318909938103,50.21000654341823,4.758102462771468
M8,5.226048522964048,5.494042729017291,89.27990874801866
M3,5.90667406047688,76.3663289239614,17.72699701556172
M5,44.575309672589476,33.67429475319595,21.750395574214572
M6,18.75188347373193,41.47610380980039,39.77201271646767
M10,5.424281900371023,81.09846747384591,13.477250625783057
M3,5.6776664134531725,77.16672692117085,17.155606665375984
M5,43.7521415766981,34.741694583354,21.506163839947902
M6,18.311035866634484,42.577662226389826,39.11130190697569
M9,84.26245722411963,5.376460991059664,10.361081784820707
M3,5.800922924753056,76.41013876780336,17.788938307443587
M5,44.08280330376718,33.92419226737517,21.993004428857652
M6,18.448104250975657,41.5662014544797,39.985694294544636
M8,5.100846231916027,5.6358915701921335,89.26326219789185
M3,5.775499651652092,77.24391606301475,16.98058428533315
M5,44.25166869814899,34.58241001177625,21.165921290074763
M6,18.629214346044016,42.6436653591964,38.72712029475958
M7,43.58013608193619,51.89447436683939,4.525389551224421
M3,6.1009299178395,75.5957479872381,18.303322094922407
M4,16.576296653593467,22.194709818799414,61.22899352760713
M9,84.73109985906608,4.917643524399611,10.351256616534311
M10,5.614041299202016,80.4360902939587,13.949868406839286
M3,6.175669948177083,74.77190325539726,19.05242679642565
M4,16.368901997237245,21.438786697177633,62.19231130558512
M8,5.095762147343897,5.1778110128195,89.7264268398366
M10,5.695232152823109,79.74988436466174,14.554883482515152
M3,6.00259234194091,75.57149531649564,18.425912341563446
M4,16.284274789697445,22.168522190733505,61.54720301956905
M8,5.109336505345532,5.396393671468675,89.49426982318579
M9,84.46492573041185,4.974332805921742,10.560741463666409
M3,6.332918407848147,75.36790273847258,18.29917885367928
M4,17.112279678723056,22.007491944216596,60.88022837706035
M7,46.26271733228474,49.018335486732894,4.718947180982369
M10,5.827790867662054,80.2200717680166,13.952137364321345
M3,6.116142076106259,76.1109097666809,17.772948157212838
M4,16.86450403629599,22.73170645901254,60.403789504691474
M7,45.23366246392043,50.12858684085631,4.637750695223261
M9,84.97516974119642,4.965906307324607,10.058923951478969
M3,6.212751800127634,75.43898415478014,18.348264045092222
M4,16.812318039513315,22.070186832749975,61.11749512773671
M7,45.755981538894744,49.4743414955754,4.769676965529854
M8,5.304776819147087,5.388128303423601,89.30709487742931
M3,6.056125047117296,76.02286804072195,17.921006912160763
M4,16.66398704704664,22.61649963757282,60.71951331538054
M6,19.087105956619656,40.98269562786155,39.930198415518795
M10,5.566261226027011,80.79259384003537,13.641144933937625
M3,5.86601028363646,76.79324977102618,17.34073994533736
M4,16.514351486496214,23.387793547113436,60.09785496639036
M6,18.76494750445937,42.03315434589028,39.20189814965035
M9,84.62171066564228,5.192517770271904,10.185771564085814
M3,5.954592969898553,75.96342616626673,18.081980863834715
M4,16.36569509077077,22.53455659961286,61.09974830961637
M6,18.78792622034818,40.94791679937524,40.264156980276574
M8,5.1612918471179885,5.519157061221275,89.31955109166073
M3,6.027693709834739,76.79279619270496,17.17951009746031
M4,16.96883284928538,23.418813950420617,59.61235320029401
M6,19.235045896952254,41.98435838452437,38.78059571852337
M7,44.72799901231546,50.76842908021549,4.503571907469052
M3,5.773700064464701,76.30468425482928,17.92161568070601
M4,15.994878593359706,22.861011495635516,61.14410991100478
M5,43.912201602878376,33.90996385337211,22.177834543749512
M10,5.3037686553118215,81.0612301173227,13.635001227365478
M3,5.569120355330931,77.03651461143923,17.394365033229832
M4,15.735519854343673,23.607878306426194,60.65660183923013
M5,43.13596929646493,34.91526942036732,21.948761283167748
M9,83.86224679581171,5.448121517423207,10.689631686765079
M3,5.653832574619811,76.27222750031352,18.073939925066668
M4,15.637156198334694,22.809587742879945,61.553256058785365
M5,43.34065579799972,34.13037575580023,22.528968446200047
M8,4.910728329440415,5.5506623902262815,89.5386092803333
M3,5.630380423811081,77.22067086663958,17.148948709549344
M4,16.03578243707915,23.80069852462237,60.16351903829848
M5,43.54122619802125,34.88679748429517,21.57197631768358
M7,42.94843776839701,52.431294052092305,4.620268179510688
M3,5.479248503732181,77.77470704063941,16.746044455628407
M4,15.82997347155662,24.39738845711574,59.772638071327634
M5,42.922428885744644,35.68351933560114,21.394051778654216
M6,17.85524753133726,43.47447175064929,38.67028071801345
M2,70.45653617013362,17.429746131992594,12.113717697873788
M8,5.343521023915295,5.130487657010706,89.525991319074
M9,85.23101084600273,4.5762234072019226,10.192765746795345
M10,5.989182239924294,79.43009528299416,14.580722477081551
M2,71.68609651076314,16.819812246133985,11.49409124310288
M7,48.33987069050354,46.97436854381442,4.685760765682041
M9,86.02385432970026,4.375591213993305,9.600554456306439
M10,6.309963621128242,79.35685459119367,14.333181787678086
M2,71.62779672650113,16.652917990283655,11.719285283215214
M7,48.291156243696825,46.91374104431359,4.7951027119895855
M8,5.604111299522428,5.052072898448548,89.34381580202903
M10,6.31800755163371,78.99585024608089,14.686142202285396
M2,71.2352497485638,17.09775836234939,11.666991889086809
M7,48.307645557827776,46.96058631514561,4.731768127026612
M8,5.58548627555587,5.207482489424758,89.20703123501937
M9,85.76247216923306,4.467298589077595,9.770229241689341
M2,70.46752566687769,17.751852026791887,11.780622306330422
M6,19.929028171029195,39.817679045160716,40.253292783810096
M9,85.39989145182389,4.663521898251988,9.936586649924122
M10,5.925859553001232,80.04407896063384,14.030061486364929
M2,70.45278272313827,17.48361748717005,12.06359978969168
M6,19.86194456912151,39.058691317183616,41.07936411369488
M8,5.361861958981052,5.165394709713439,89.47274333130551
M10,5.977656456113014,79.52916143987036,14.493182104016626
M2,70.06502617589537,17.97352282497372,11.96145099913091
M6,19.621300240001847,39.90650090091998,40.472198859078176
M8,5.366545338648511,5.344766445228343,89.28868821612315
M9,85.14546164969478,4.742898809520993,10.111639540784227
M2,71.68576279878529,16.93122986082963,11.383007340385078
M6,20.85697376582408,39.0890751159521,40.05395111822382
M7,48.36091348037928,47.00233230374144,4.636754215879279
M10,6.285270345351207,79.57369250172806,14.141037152920731
M2,71.22192490747499,17.427847307938084,11.35022778458693
M6,20.537375144607335,39.8824471557074,39.58017769968526
M7,47.498352800683776,47.93542881044285,4.566218388873374
M9,85.90122824452285,4.567166844781395,9.53160491069575
M2,71.2395073244481,17.207429233981532,11.55306344157037
M6,20.50824114956719,39.29030165547658,40.20145719495622
M7,47.75057245391598,47.57918390101629,4.670243645067728
M8,5.6296504471877835,5.2885411489294425,89.08180840388277
M2,69.53031862567764,18.37440813134312,12.095273242979243
M5,45.460623355703824,32.55055319608518,21.988823448210994
M9,84.85932205525894,4.870861596925832,10.269816347815226
M10,5.671221852605113,80.36543854661791,13.963339600776976
M2,69.56869801944315,18.093125468938794,12.338176511618059
M5,45.51159268711427,32.05437675589893,22.434030556986798
M8,5.178943783586913,5.2396808804848405,89.58137533592824
M10,5.730375044891444,79.884437743984,14.38518721112456
M2,69.03092982795623,18.66003122149773,12.309038950546043
M5,44.89723435520474,32.86051719649941,22.242248448295854
M8,5.144038124582097,5.41075092316479,89.44521095225312
M9,84.54450459448852,4.963734025276306,10.491761380235179
M2,70.75604863410491,17.557098371557647,11.686852994337439
M5,46.922610545230995,31.529264864237547,21.548124590531458
M7,47.089011106493295,48.220022070504044,4.690966823002661
M10,6.008141096119141,79.93532656599658,14.056532337884278
M2,70.01924636776907,18.237561552648643,11.743192079582286
M5,46.047328683013625,32.48298792016437,21.469683396822006
M7,45.952054794187006,49.399451243020586,4.648493962792408
M9,85.22700147470995,4.8225743459814385,9.95042417930861
M2,70.15542046869483,17.93919492676583,11.905384604539343
M5,46.204467870997966,31.994462628377278,21.801069500624756
M7,46.33944778958167,48.917613913560466,4.742938296857865
M8,5.394799692765192,5.358801508490155,89.24639879874465
M2,69.50165553080124,18.526630784866587,11.971713684332169
M5,45.43743891524294,32.80408468721799,21.75847639753907
M6,19.246543808440677,40.69974248745611,40.05371370410321
M10,5.638726139825014,80.61383883557403,13.74743502460096
M2,68.8535598541803,19.17629602458586,11.970144121233837
M5,44.698663909115886,33.70494324501164,21.596392845872472
M6,18.840093224192124,41.600156117381324,39.55975065842656
M9,84.63594413737351,5.128497469103857,10.235558393522629
M2,68.98326857807623,18.815755870898762,12.200975551025003
M5,44.82837697731402,33.13169199631278,22.039931026373196
M6,18.86795759559337,40.82838675145408,40.30365565295255
M8,5.178319792727213,5.498245111131179,89.32343509614161
M2,69.95931601253854,18.46480357843454,11.575880409026922
M5,45.98589522739895,32.86104099148931,21.15306378111174
M6,19.629490627161704,41.12022128656462,39.25028808627368
M7,45.682216800909096,49.757006680340936,4.560776518749968
M2,69.89319825960163,18.08229930016704,12.024502440231327
M4,16.897507690741218,21.921695225208392,61.18079708405038
M9,85.04362583395691,4.777928495254678,10.178445670788413
M10,5.777769530189485,80.15018621422169,14.072044255588821
M2,69.81477424435016,17.834162642379123,12.351063113270715
M4,16.6536596024114,21.33574616730826,62.01059423028035
M8,5.203650237438178,5.148981478411195,89.64736828415062
M10,5.813156462623403,79.62570183517933,14.561141702197276
M2,69.42122168287254,18.32304945315733,12.255728863970127
M4,16.56799798675466,21.905492579010065,61.52650943423527
M8,5.1962131759779675,5.3367027108746,89.46708411314742
M9,84.73388340951296,4.854683987827169,10.411432602659875
M2,71.05688631950558,17.34207771969053,11.601035960803891
M4,17.66844848626537,21.61107422030183,60.72047729343281
M7,47.4951109810515,47.82884640149509,4.676042617453405
M10,6.098266377565839,79.79701188726474,14.10472173516942
M2,70.55513709399926,17.85615865848884,11.588704247511895
M4,17.469313367285853,22.146483948363638,60.38420268435051
M7,46.64882095762814,48.73121935017954,4.619959692192317
M9,85.5201777263052,4.700657990678009,9.779164283016785
M2,70.54248424704215,17.642749464333903,11.814766288623943
M4,17.295993969215733,21.712160622502807,60.99184540828146
M7,46.8737155314061,48.3927729837907,4.733511484803202
M8,5.461778306699706,5.312181888894327,89.22603980440597
M2,69.92930885932275,18.203482678286587,11.867208462390668
M4,17.021089396298677,22.20012332069026,60.77878728301106
M6,19.548278899146894,40.360012143280706,40.0917089575724
M10,5.759633389876618,80.40232183347237,13.838044776651017
M2,69.48329386529402,18.71682956830542,11.799876566400563
M4,16.874400610147223,22.808470112933406,60.317129276919374
M6,19.266459762386035,41.1889525126615,39.544587724952464
M9,84.97276046494456,4.986891773891315,10.040347761164128
M2,69.4414777066263,18.43861044259669,12.119911850777008
M4,16.659973591357254,22.16735554252027,61.17267086612247
M6,19.179586572971438,40.38799179861135,40.43242162841722
M8,5.256642622677323,5.408096661741001,89.33526071558168
M2,70.61738231694873,18.02555148291964,11.357066200131626
M4,17.64991559178962,22.58871011803939,59.76137429017099
M6,20.11861285870394,40.761382616867536,39.12000452442852
M7,46.51031250826912,48.976055638936174,4.51363185279471
M2,68.76242097353635,18.923744156984345,12.313834869479305
M4,16.269502485476046,22.44063688119502,61.28986063332894
M5,44.56626544463316,33.23950386989347,22.19423068547337
M10,5.466624129393636,80.68273793205181,13.850637938554556
M2,68.09060649316395,19.581694955287546,12.327698551548508
M4,15.999806188254688,23.06038439244043,60.93980941930488
M5,43.82258913937569,34.125333856074356,22.052077004549957
M9,84.14579523130766,5.255048000921924,10.599156767770417
M2,68.10901983231618,19.260485516251432,12.63049465143239
M4,15.828607040935651,22.425412446388385,61.74598051267596
M5,43.83649200936333,33.575584776250295,22.58792321438637
M8,4.956966064524766,5.448384715283265,89.59464922019197
M2,69.04430803225742,19.022816933721,11.932875034021581
M4,16.599053917491844,22.980931797528932,60.420014284979224
M5,44.89505410582417,33.53476745817315,21.570178436002678
M7,44.610043543970775,50.751017256842744,4.638939199186481
M2,68.07554003359401,19.812265580013523,12.112194386392467
M4,16.120619080649657,23.526431437847187,60.35294948150315
M5,43.81826522225116,34.51727415055195,21.66446062719689
M6,18.327851737498783,42.293670419923224,39.378477842578
M2,70.02568954017335,18.27738821442416,11.696922245402494
M3,6.266248693082267,75.84419904762657,17.889552259291165
M9,85.25071162899414,4.837359745710872,9.911928625294989
M10,5.7594516804067695,80.61949089377592,13.621057425817312
M2,70.11442356277539,17.98890602933952,11.896670407885093
M3,6.331498720672725,75.30939014348525,18.359111135842028
M8,5.394506595505579,5.376652402661293,89.22884100183313
M10,5.8275640159756,80.17211441427736,14.000321569747044
M2,69.6718271956251,18.495415135969218,11.832757668405684
M3,6.166850156359668,75.93240236429185,17.90074747934848
M8,5.380470726253752,5.548780469266743,89.0707488044795
M9,85.03858474346923,4.907819468020751,10.05359578851002
M2,71.00718404930464,17.60732969150653,11.38548625918883
M3,6.564621775539502,75.43943596537676,17.995942259083733
M7,47.184437683738544,48.25245467613859,4.563107640122865
M10,6.035913048568938,80.25239053085295,13.711696420578107
M2,70.43516319482062,18.180143874744036,11.384692930435346
M3,6.356717185303066,76.08134263555138,17.56194017914555
M7,46.24335841158333,49.24631124419999,4.510330344216683
M9,85.5693623442503,4.798483463154919,9.632154192594786
M2,70.59184412000944,17.89048964878052,11.51766623121004
M3,6.435864315356743,75.61589186859244,17.94824381605082
M7,46.64723313657681,48.76531760216867,4.58744926125452
M8,5.584856286674028,5.506359810122853,88.90878390320312
M2,69.9723752830222,18.55182338262248,11.475801334355317
M3,6.2102046835960065,76.37926050122351,17.410534815180483
M6,19.657673920657437,41.375759405584155,38.966566673758415
M10,5.69957102522264,81.06447674130126,13.235952233476098
M2,69.4369425349191,19.12380736996214,11.439250095118762
M3,6.02188481364146,77.0000015247217,16.97811366163684
M6,19.327514709763886,42.21578425257198,38.45670103766413
M9,85.14386308918213,5.0943579270452775,9.76177898377259
M2,69.62792213021328,18.775926682831184,11.596151186955538
M3,6.112780567808338,76.48416230402154,17.40305712817012
M6,19.40489792492853,41.54281241386262,39.052289661208846
M8,5.464558840600616,5.737862764138188,88.7975783952612
M2,70.26025190848597,18.59131757351748,11.148430517996552
M3,6.26127327919262,76.77176273221853,16.966963988588844
M6,19.93445942209326,41.8490732647813,38.21646731312544
M7,45.728593239142555,49.89572520863897,4.375681552218474
M2,68.99454562319157,19.152786593953884,11.852667782854546
M3,5.9519812262309,76.5782096400746,17.469809133694497
M5,44.871686368911185,33.70728190156265,21.421031729526163
M10,5.462546156615257,81.26080262316654,13.276651220218199
M2,68.31570239089802,19.81457727830871,11.869720330793264
M3,5.742987755192596,77.2083484658172,17.048663778990203
M5,44.08805440812703,34.623464786478856,21.288480805394116
M9,84.46533526557174,5.322038001546591,10.21262673288167
M2,68.55366476685435,19.430207848777854,12.016127384367792
M3,5.838176849317363,76.67905004465375,17.482773106028887
M5,44.355065294548936,34.038057028402775,21.60687767704829
M8,5.209758914629063,5.743076479868576,89.04716460550236
M2,68.93959731038314,19.451902144072655,11.60850054554421
M3,5.897838993477956,77.13459587634956,16.967565130172474
M5,44.80652535505898,34.22567410992454,20.96780053501648
M7,44.14326720303435,51.37285326866342,4.483879528302232
M2,68.14906782337428,20.287989795968354,11.562942380657365
M3,5.651750377256922,77.96994811607351,16.378301506669573
M5,43.90360255201046,35.39603266786822,20.70036478012132
M6,18.481178193894348,43.6456475797196,37.87317422638605
M2,69.55189453729092,18.74305588975912,11.70504957294996
M3,6.101002015252705,76.3358573135302,17.5631406712171
M4,16.954139946720773,22.950248122625663,60.09561193065356
M10,5.605931623507678,81.03985142969351,13.354216946798815
M2,69.02646713306848,19.297853022938117,11.675679843993404
M3,5.935496710421163,76.91141316335437,17.15309012622447
M4,16.777093081418595,23.51392240619258,59.708984512388824
M9,84.85740425053477,5.153668597238811,9.988927152226418
M2,69.15953496409152,18.968686620085705,11.871778415822774
M3,6.002110253533709,76.38930547720116,17.608584269265123
M4,16.683107694550923,22.995267877157538,60.321624428291535
M8,5.323015011226947,5.665027982807166,89.0119570059659
M2,69.81724416033025,18.824418233755473,11.35833760591428
M3,6.144498588424877,76.77816330296949,17.07733810860563
M4,17.312289217939902,23.410518871599994,59.277191910460104
M7,45.25043683752734,50.309747100522415,4.439816061950246
M2,69.04154399173683,19.705094468059876,11.253361540203294
M3,5.876470321168983,77.75998529457368,16.363544384257338
M4,17.054260782177273,24.432093033860028,58.513646183962706
M6,19.111908848713824,43.26946791864672,37.61862323263946
M2,67.64805716143609,20.449970352556928,11.901972486006986
M3,5.549437958443462,77.76993518408501,16.680626857471523
M4,16.075424078281255,24.390372329733406,59.53420359198533
M5,43.337932266169126,35.473596272311966,21.18847146151891
M1,37.210365408267194,34.70546191784288,28.084172673889924
M8,5.521744388159678,5.226320539006864,89.25193507283346
M9,85.58034540157345,4.540803942096087,9.87885065633046
M10,6.076543813807264,79.64003383331037,14.283422352882369
M1,38.66941873163929,34.10479962003765,27.225781648323057
M7,48.40172062984493,47.03328887361646,4.564990496538606
M9,86.36249967597263,4.330729806801408,9.306770517225964
M10,6.399958631458276,79.53104924477428,14.068992123767444
M1,38.564046494743906,33.7315974457454,27.704356059510694
M7,49.019425775652806,46.3164920387756,4.664082185571594
M8,5.781607058087525,5.157080515912446,89.06131242600003
M10,6.427621436236981,79.16852266559202,14.403855898171003
M1,38.1969823883655,34.42659554645587,27.37642206517863
M7,48.3792199952958,47.02180499898355,4.5989750057206535
M8,5.781355066780693,5.314817793623628,88.90382713959568
M9,86.13353144834188,4.417409363671379,9.449059187986737
M1,37.27913991730903,35.555294818198725,27.165565264492244
M6,20.320113818709014,40.31683706813388,39.3630491131571
M9,85.77514158452132,4.6615640314115145,9.563294384067163
M10,5.9968371267333,80.39200692045901,13.611155952807692
M1,37.247970378034864,35.00386780035279,27.748161821612342
M6,20.272531235508005,39.60126129982207,40.12620746466992
M8,5.575643310096587,5.339646616358381,89.08471007354504
M10,6.051313966633336,79.90927709860867,14.039408934758
M1,36.53360573803403,36.16467044737371,27.301723814592258
M6,20.052569717952316,40.47236540202921,39.47506488001848
M8,5.597866077657332,5.521114589724848,88.88101933261783
M9,85.56842488787892,4.732855330199923,9.698719781921158
M1,38.66677874615119,34.542324900730414,26.7908963531184
M6,21.280774647238875,39.53810482117099,39.18112053159014
M7,48.44572383818653,47.0882509256435,4.466025236169969
M10,6.347688680652945,79.9176947534115,13.734616565935553
M1,38.223736317228294,35.2844675102196,26.491796172552107
M6,21.001069041110696,40.32014004087107,38.67879091801824
M7,48.47018033212754,47.127459605366965,4.402360062505494
M9,86.3073745698251,4.534482419546967,9.158143010627933
M1,38.211133850166355,34.888009503742815,26.90085664609083
M6,20.97262729410929,39.80382427829849,39.22354842759222
M7,48.42900288052864,47.080651551255585,4.490345568215773
M8,5.868139114343902,5.464974031456574,88.66688685419952
M1,36.34646846419976,36.07888749774111,27.574644038059134
M5,46.10103739754837,32.51466349851836,21.384299103933273
M9,85.27248443378387,4.82453648237591,9.902979083840217
M10,5.772796653460611,80.59026043404442,13.636942912494959
M1,36.118338685546824,35.80325745791991,28.078403856533264
M5,46.159316603216844,32.03037394125823,21.810309455524923
M8,5.387776962005292,5.362215927189418,89.25000711080529
M10,5.832296077680706,80.13419477545263,14.033509146866663
M1,36.178943102211434,36.01050160516536,27.810555292623206
M5,45.565952034194055,32.83921142225308,21.594836543552866
M8,5.36323820744545,5.540333933788252,89.0964278587663
M9,84.99801372948991,4.915856812874657,10.08612945763543
M1,37.79597848177399,35.0544058686889,27.149615649537104
M5,47.68805287689185,31.37418357438756,20.93776354872059
M7,48.39666742420499,47.05815124190066,4.545181333894348
M10,6.1459350034867635,80.10374122748304,13.750323769030189
M1,36.72923983231904,36.34535569942119,26.92540446825977
M5,46.89879381896623,32.27494624189361,20.826259939140158
M7,46.63171710892907,48.87540034755534,4.4928825435155915
M9,85.73504467033122,4.731321699402787,9.533633630265992
M1,37.193001719464704,35.486428594233196,27.3205696863021
M5,47.03498701076158,31.84484771354994,21.12016527568848
M7,46.97314129538066,48.45255968205379,4.574299022565555
M8,5.63887668509715,5.485907287901193,88.87521602700166
M1,36.60150877069792,36.363367538148125,27.035123691153956
M5,46.10968612684848,32.956666498296215,20.933647374855305
M6,19.73492987184685,41.323737481174305,38.94133264697885
M10,5.72707966561625,81.03357126886262,13.23934906552114
M1,35.751183995976916,37.51204278053562,26.73677322348746
M5,45.4337139883493,33.79909916797738,20.767186843673322
M6,19.357281605294,42.190132844574435,38.45258555013157
M9,85.16699266610755,5.084726645227793,9.74828068866466
M1,35.87510537387836,36.93661070152449,27.188283924597137
M5,45.586851715705514,33.29611412608428,21.11703415821021
M6,19.409086937843544,41.51999256899337,39.07092049316309
M8,5.463558150220132,5.732383904757487,88.80405794502238
M1,37.03050688873631,36.69498671168588,26.27450639957781
M5,46.84030872154481,32.86111930908446,20.298571969370734
M6,20.23477475321024,41.63179028578654,38.13343496100321
M7,46.23458867779426,49.41793545975496,4.347475862450786
M1,36.461016707793135,36.10909731383647,27.429885978370393
M4,17.43564615784613,22.3046553021146,60.25969854003928
M9,85.4903060395831,4.740008679970863,9.769685280446033
M10,5.878597255149414,80.45272381603952,13.668678928811062
M1,36.167596262572474,35.78129109922445,28.05111263820308
M4,17.214458245527858,21.747763273440164,61.037778481031985
M8,5.432191949973563,5.321811308407502,89.24599674161894
M10,5.9175056201614025,79.96454201427294,14.117952365565657
M1,36.29440876633851,36.02525799845199,27.680333235209496
M4,17.151249644812225,22.339654382411517,60.50909597277626
M8,5.445869350713907,5.507314658958087,89.04681599032801
M9,85.23961155522973,4.813356767845935,9.947031676924336
M1,38.10462131969066,34.91737229264619,26.97800638766315
M4,18.253737733233763,21.95613791394443,59.790124352821806
M7,48.419412279196564,47.072738876870936,4.5078488439325
M10,6.217790399729986,80.07090472471553,13.711304875554475
M1,37.65259949037069,35.63566979179055,26.711730717838762
M4,18.101478687894712,22.48825038416258,59.410270927942705
M7,47.23470260171667,48.32080322128907,4.444494176994262
M9,86.02493114080443,4.632868452579702,9.342200406615872
M1,37.61300559182218,35.24597550639254,27.14101890178528
M4,17.948896223152037,22.098682555730573,59.95242122111739
M7,47.428243560489555,48.03226627575284,4.5394901637576055
M8,5.733975060239619,5.479958457022474,88.78606648273791
M1,36.8051568568705,36.47408583065556,26.720757312473943
M4,17.71584181582912,22.93214514475915,59.35201303941173
M6,20.105562965351798,41.21217030616498,38.68226672848323
M10,5.8476355266612625,80.9730544440707,13.179310029268038
M1,36.90462885552834,36.6725542195826,26.422816924889062
M4,17.60424286951773,23.504745492400613,58.89101163808165
M6,19.860777170797036,41.98482254154683,38.15440028765613
M9,85.57620160542902,4.95332707569111,9.47047131887987
M1,36.672116451520864,36.41319189826653,26.914691650212603
M4,17.459190428708318,23.007858347336597,59.53295122395508
M6,19.828792445718374,41.35244730774965,38.81876024653197
M8,5.608270625168724,5.737262380840024,88.65446699399125
M1,37.309187575222055,36.866322168729425,25.82449025604852
M4,18.414381044003605,23.27388446325045,58.31173449274594
M6,20.755507049327207,41.514657399074565,37.72983555159823
M7,46.923569837164905,48.81720971343076,4.2592204494043315
M1,35.728306994809564,36.84525224540485,27.426440759785578
M4,16.91588649182755,22.938390366161574,60.14572314201088
M5,45.439155294294984,33.23402838413249,21.326816321572522
M10,5.595288181964641,81.03387103621183,13.370840781823532
M1,35.1062313077735,37.69562164182137,27.198147050405133
M4,16.67802524958087,23.526746988212526,59.79522776220661
M5,44.73514574683356,34.07985663856291,21.18499761460353
M9,84.76685255981978,5.181292096307526,10.051855343872692
M1,35.134910459716636,37.121949510843436,27.743140029439928
M4,16.539269608650898,22.982873761126186,60.47785663022292
M5,44.80542821643123,33.57823002441571,21.61634175915306
M8,5.259129575716222,5.664667895654712,89.07620252862907
M1,36.76881281754034,36.554235070869005,26.67695211159065
M4,17.450096714518253,23.350406375237153,59.19949691024459
M5,46.07687203353751,33.28013097415892,20.642996992303566
M7,45.50551543206139,50.070573433000746,4.4239111349378675
M1,35.40164945280221,38.45201244091393,26.14633810628385
M4,17.111100540924987,24.40903320038972,58.4798662586853
M5,45.006390482230984,34.675388827106055,20.31822069066296
M6,19.1623313276249,43.24528348818317,37.59238518419193
M1,36.7366915487365,36.44387226889164,26.81943618237186
M3,6.317247211470051,76.34380248417594,17.338950304354015
M9,85.58210809721136,4.84656977973698,9.571322123051658
M10,5.796312413644197,81.02047243448179,13.183215151874009
M1,36.55902446220003,36.21591876250982,27.22505677529015
M3,6.3857373191101425,75.85179279278105,17.762469888108797
M8,5.597328060785067,5.5672618789280675,88.83541006028688
M10,5.867012397083922,80.60948089810512,13.523506704810956
M1,36.64960457488727,36.423262005657904,26.927133419454826
M3,6.222879750712548,76.47486269535125,17.3022575539362
M8,5.585410918574974,5.758514152265187,88.65607492915983
M9,85.40650798002216,4.918848153641292,9.674643866336552
M1,37.78699043722687,35.694318172779,26.51869138999413
M3,6.6197583683462895,75.92350365794553,17.456737973708186
M7,47.298213291667395,48.298879392752546,4.402907315580059
M10,6.074310560853374,80.64812177384903,13.277567665297596
M1,37.05166819786158,36.69258796781432,26.2557438343241
M3,6.4138038182415045,76.5628936737913,17.023302507967202
M7,46.392271094594015,49.262141151677206,4.345587753728779
M9,85.90897341638997,4.803711843314212,9.28731474029582
M1,36.93638585267442,36.52499729098343,26.538616856342152
M3,6.491618946928152,76.15584532696255,17.352535726109295
M7,46.766293605164016,48.82181121739415,4.411895177441835
M8,5.7967202029843685,5.710596732790685,88.49268306422493
M1,36.58991532550344,37.54055197416409,25.86953270033247
M3,6.208914214038363,77.30808333360046,16.483002452361177
M6,19.958769198221344,42.550094613481626,37.49113618829703
M10,5.680962456105538,81.81888383083249,12.500153713061977
M1,36.0861645735781,38.30483425391809,25.60900117250381
M3,6.04495274520186,77.84654041207014,16.108506842728005
M6,19.649266280744616,43.3152133939252,37.03552032533019
M9,85.54124757769105,5.170920224530674,9.287832197778274
M1,36.282692664315725,37.84653306442809,25.870774271256188
M3,6.12242701520322,77.48523913006126,16.392333854735526
M6,19.759752206351852,42.8137447367543,37.42650305689385
M8,5.765647616128365,6.117939317204126,88.11641306666752
M1,36.884044098643265,37.853918561632035,25.2620373397247
M3,6.240137388106056,77.70826904287148,16.051593569022472
M6,20.195290581382874,43.04938319286768,36.75532622574944
M7,45.45332564231288,50.41708155894289,4.129592798744227
M1,35.66662711601837,37.778146130458595,26.555226753523044
M3,5.990244298866706,77.21394153205796,16.795814169075328
M5,45.32739084325974,34.04555385699406,20.627055299746196
M10,5.498420512625447,81.76349333734346,12.738086150031094
M1,35.00278917475083,38.654392361553015,26.342818463696155
M3,5.80079194511193,77.79660285454936,16.402605200338712
M5,44.57473888285392,34.92062640269833,20.504634714447747
