6.309407491958826109e-01 2.129825482693802619e-01 1.560767025347371828e-01
6.286810562553550863e-01 1.950559451082713724e-01 1.762629986363735690e-01
6.306479147987387179e-01 2.023298810038892115e-01 1.670222041973721816e-01
6.301474326966748363e-01 1.647455796086382263e-01 2.051069876946869375e-01
6.488836840090528302e-01 2.046379267331772944e-01 1.464783892577698476e-01
6.276532530821884448e-01 2.106328696024634128e-01 1.617138773153481701e-01
6.255011274035547908e-01 1.929901649447874623e-01 1.815087076516576636e-01
6.268477861911100346e-01 1.998311485806092969e-01 1.733210652282805853e-01
6.266922817529008150e-01 1.631518699260630090e-01 2.101558483210362038e-01
6.446417162443761617e-01 2.017346501917205714e-01 1.536236335639031836e-01
6.220621105708948884e-01 2.061897775786051268e-01 1.717481118505000126e-01
6.193349051049140686e-01 1.879551925400877732e-01 1.927099023549982137e-01
6.215501157201424043e-01 1.954564800018787907e-01 1.829934042779788050e-01
6.199097559845466732e-01 1.574907855533304590e-01 2.225994584621228400e-01
6.401655813643269965e-01 1.983545230449444419e-01 1.614798955907284506e-01
6.272312881165694742e-01 2.114190994621267250e-01 1.613496124213038563e-01
6.249384313325581086e-01 1.935498705696720723e-01 1.815116980977697914e-01
6.268852447395942828e-01 2.008354194181575791e-01 1.722793358422481380e-01
6.262062319394952059e-01 1.633962778458349918e-01 2.103974902146697190e-01
6.453031220639920962e-01 2.031831358276607324e-01 1.515137421083472546e-01
6.426640073589854341e-01 1.926914766030775605e-01 1.646445160379370054e-01
6.361827136205450151e-01 1.803251867607170711e-01 1.834920996187379416e-01
6.366785343282254095e-01 1.891522476576201484e-01 1.741692180141544977e-01
6.365252128072454996e-01 1.514765593243841135e-01 2.119982278683703314e-01
6.507206103146742082e-01 1.971039864982548628e-01 1.521754031870708734e-01
6.391558573293665280e-01 1.903427436302523867e-01 1.705013990403811963e-01
6.327293699227467538e-01 1.781703705639834379e-01 1.891002595132699193e-01
6.326011837571455798e-01 1.865921719116769573e-01 1.808066443311773797e-01
6.331097332616355544e-01 1.496991327107820013e-01 2.171911340275824720e-01
6.462969568498212469e-01 1.941939736175667952e-01 1.595090695326120689e-01
6.325763619719132480e-01 1.865346278325699103e-01 1.808890101955168972e-01
6.256866329545232031e-01 1.737171678030305089e-01 2.005961992424463436e-01
6.263456996488759865e-01 1.827117685624268240e-01 1.909425317886971341e-01
6.253518294065955052e-01 1.449413591710410065e-01 2.297068114223634050e-01
6.411323099253766200e-01 1.911521263560472805e-01 1.677155637185762105e-01
6.383678978115456815e-01 1.913782504169027343e-01 1.702538517715516120e-01
6.318207142919792796e-01 1.790325041837259046e-01 1.891467815242948158e-01
6.323224097491448870e-01 1.878173303715677256e-01 1.798602598792873042e-01
6.321624589341392486e-01 1.503893997408163596e-01 2.174481413250444473e-01
6.466490240283209179e-01 1.957541438548047741e-01 1.575968321168743358e-01
6.328233752689688130e-01 2.028026745701722866e-01 1.643739501608589004e-01
6.287969886592236213e-01 1.877165983171422969e-01 1.834864130236340263e-01
6.272856585745888447e-01 1.989639855830728221e-01 1.737503558423383609e-01
6.323619184153286277e-01 1.552876201664453448e-01 2.123504614182260275e-01
6.404126057518120252e-01 2.077068246949758390e-01 1.518805695532122746e-01
6.299502613618265245e-01 2.000598989705223152e-01 1.699898396676510770e-01
6.259745260764133512e-01 1.851325697352089183e-01 1.888929041883776749e-01
6.239037434066794230e-01 1.959310033161927589e-01 1.801652532771277626e-01
6.294783575384975682e-01 1.530843097477434800e-01 2.174373327137588685e-01
6.366921031582429835e-01 2.044331506754093752e-01 1.588747461663476135e-01
6.234265045308153841e-01 1.962298532421829500e-01 1.803436422270016659e-01
6.188356804128390953e-01 1.807533903400447006e-01 2.004109292471161485e-01
6.176415335153860875e-01 1.920320884518018911e-01 1.903263780328120491e-01
6.217377872119800308e-01 1.483247580398656673e-01 2.299374547481543019e-01
6.313690539687621950e-01 2.013669048889731583e-01 1.672640411422647577e-01
6.287807310751498679e-01 2.013691423060509078e-01 1.698501266187992520e-01
6.247074625219369848e-01 1.863760498371015151e-01 1.889164876409614446e-01
6.231746121215461232e-01 1.974408888929486128e-01 1.793844989855054028e-01
6.280858993582540961e-01 1.540749895836201477e-01 2.178391110581258117e-01
6.366091877023294376e-01 2.062456608616183851e-01 1.571451514360522883e-01
6.344695853708807176e-01 2.057827932016849659e-01 1.597476214274344553e-01
6.269824988007888233e-01 1.946010395970977636e-01 1.784164616021134686e-01
6.295638532300213974e-01 2.009398281573685219e-01 1.694963186126102195e-01
6.251222944942860238e-01 1.682814943023371312e-01 2.065962112033767062e-01
6.458901790269613308e-01 2.062411599791738048e-01 1.478686609938647256e-01
6.304520294008862935e-01 2.036877658100729738e-01 1.658602047890406495e-01
6.230815035262186052e-01 1.928500712434500219e-01 1.840684252303313451e-01
6.250074586892866435e-01 1.988505105696189157e-01 1.761420307410944686e-01
6.210356417404657714e-01 1.670415664532290123e-01 2.119227918063052718e-01
6.410291075618286261e-01 2.035678224739331799e-01 1.554030699642381663e-01
6.247406858085597925e-01 1.995696496352432625e-01 1.756896645561969172e-01
6.167466003480533976e-01 1.880110740328339025e-01 1.952423256191127277e-01
6.195696678231693566e-01 1.946410077110290460e-01 1.857893244658017362e-01
6.144271603282417393e-01 1.616466848883407192e-01 2.239261547834175414e-01
6.364489450416225269e-01 2.003181212752765117e-01 1.632329336831009892e-01
6.302630681590037920e-01 2.044481892068594486e-01 1.652887426341367039e-01
6.226391385554859159e-01 1.933023749909669187e-01 1.840584864535471099e-01
6.252564915885923114e-01 1.997523210242568015e-01 1.749911873871508872e-01
6.206309797339722989e-01 1.671787014382123682e-01 2.121903188278152497e-01
6.418794207065522395e-01 2.049046660709039069e-01 1.532159132225438536e-01
6.351236232045759378e-01 2.065165015745725752e-01 1.583598752208514870e-01
6.265761369369007294e-01 1.965702733272911562e-01 1.768535897358080866e-01
6.294573935763075889e-01 2.026031905089180907e-01 1.679394159147743759e-01
6.225905856320388398e-01 1.728113386338160362e-01 2.045980757341451239e-01
6.466527988073614841e-01 2.066872586589020844e-01 1.466599425337364038e-01
6.310308344549608872e-01 2.045777378641037980e-01 1.643914276809353425e-01
6.225241366533895704e-01 1.949386486879054192e-01 1.825372146587049826e-01
6.247103692667314023e-01 2.005673961738920763e-01 1.747222345593764103e-01
6.183684628173421460e-01 1.716909500608493899e-01 2.099405871218085196e-01
6.416183418724338283e-01 2.040927681960982565e-01 1.542888899314679430e-01
6.253081860869160735e-01 2.003536487968511082e-01 1.743381651162327628e-01
6.163500376655476343e-01 1.900161289156500899e-01 1.936338334188022203e-01
6.193825276443735151e-01 1.962929098512051773e-01 1.843245625044213354e-01
6.117484976912037631e-01 1.661206028048657080e-01 2.221308995039305845e-01
6.371283419118510816e-01 2.007976552009553273e-01 1.620740028871935079e-01
6.309883785659490263e-01 2.051158833187258779e-01 1.638957381153252069e-01
6.222941535424190151e-01 1.951729624379832939e-01 1.825328840195976354e-01
6.252060459400126113e-01 2.013036519940200608e-01 1.734903020659674111e-01
6.181930189833545475e-01 1.716073721875680802e-01 2.101996088290774001e-01
6.426854521465693582e-01 2.053010002001098566e-01 1.520135476533208407e-01
6.412738829206431346e-01 2.046376570628305469e-01 1.540884600165262908e-01
6.380941111235260976e-01 1.876960699931549126e-01 1.742098188833190453e-01
6.398934011799781718e-01 1.950584210219934167e-01 1.650481777980283560e-01
6.375223129383774667e-01 1.593259974078674035e-01 2.031516896537551298e-01
6.570482840456846052e-01 1.982343375657482643e-01 1.447173783885672138e-01
6.377609611224752673e-01 2.023959868017741193e-01 1.598430520757506412e-01
6.347048725500175070e-01 1.857563147926027391e-01 1.795388126573797538e-01
6.359143304765302318e-01 1.926993253398282813e-01 1.713863441836415147e-01
6.338604259562818921e-01 1.577961664267336639e-01 2.083434076169844440e-01
6.526333428504998979e-01 1.954563123411282577e-01 1.519103448083717334e-01
6.323621121123530475e-01 1.979181834425125797e-01 1.697197044451345116e-01
6.285829220951640872e-01 1.804892023634293297e-01 1.909278755414066386e-01
6.306305570981619590e-01 1.881126726536254679e-01 1.812567702482123788e-01
6.272039930284137865e-01 1.518982766687894392e-01 2.208977303027967742e-01
6.481634845130387346e-01 1.918511839085850490e-01 1.599853315783761609e-01
6.375489795090549805e-01 2.029016038651348108e-01 1.595494166258102364e-01
6.342716301050436156e-01 1.860003812580663662e-01 1.797279886368899626e-01
6.361280787458969410e-01 1.934048071001507885e-01 1.704671141539522428e-01
6.335228972173485573e-01 1.577809545938170244e-01 2.086961481888343628e-01
6.534288699652670562e-01 1.966245707297346046e-01 1.499465593049982282e-01
6.525780941257125489e-01 1.850090654901534182e-01 1.624128403841339496e-01
6.450713066097802928e-01 1.736516993129186004e-01 1.812769940773012178e-01
6.454011807436238479e-01 1.826101890889360035e-01 1.719886301674400653e-01
6.434236379735979172e-01 1.466897245077893874e-01 2.098866375186126676e-01
6.582630327063029307e-01 1.914208312068447215e-01 1.503161360868524865e-01
6.488991382797079099e-01 1.827820192080714945e-01 1.683188425122205123e-01
6.414555083591293450e-01 1.716244358052914643e-01 1.869200558355792463e-01
6.411375903086475869e-01 1.801545661160444955e-01 1.787078435753079730e-01
6.398684515248311833e-01 1.450144568284378321e-01 2.151170916467309846e-01
6.537678659802347303e-01 1.886214316533606217e-01 1.576107023664046480e-01
6.422746660786480266e-01 1.788359719209354770e-01 1.788893620004164686e-01
6.343779290555847661e-01 1.670520979243512449e-01 1.985699730200640167e-01
6.349353075810052482e-01 1.761100295872863875e-01 1.889546628317084198e-01
6.321564992077772782e-01 1.400185809325655562e-01 2.278249198596572767e-01
6.485104410113866624e-01 1.853972875283610988e-01 1.660922714602521277e-01
6.482784648695448793e-01 1.835397861527743590e-01 1.681817489776806784e-01
6.407251282346969612e-01 1.722218569287536083e-01 1.870530148365494305e-01
6.410079544414485353e-01 1.811307748878508150e-01 1.778612706707006497e-01
6.388574163642001258e-01 1.454392976190384545e-01 2.157032860167614197e-01
6.542413144137999570e-01 1.899313833925054540e-01 1.558273021936945613e-01
6.431433289108791085e-01 1.945384851638434220e-01 1.623181859252774140e-01
6.381331031239733109e-01 1.804160475204362457e-01 1.814508493555905266e-01
6.363705925969938004e-01 1.918058543738585531e-01 1.718235530291477298e-01
6.397363864319798310e-01 1.498733889546610409e-01 2.103902246133591836e-01
6.483256898649356614e-01 2.014976536242621130e-01 1.501766565108022811e-01
6.400721091775922744e-01 1.918865296924831820e-01 1.680413611299246546e-01
6.351265609542132706e-01 1.779666191916353390e-01 1.869068198541513626e-01
6.328275090049408913e-01 1.889342319446125351e-01 1.782382590504466291e-01
6.366915849767827984e-01 1.477771307003914181e-01 2.155312843228258946e-01
6.444071385726345413e-01 1.983432732912306096e-01 1.572495881361347936e-01
6.336061966140753565e-01 1.879414837193348620e-01 1.784523196665897815e-01
6.280017971431797186e-01 1.733967189945436749e-01 1.986014838622766343e-01
6.265898474053127609e-01 1.848636299149616635e-01 1.885465226797256588e-01
6.290613166820567814e-01 1.427444322828886891e-01 2.281942510350545295e-01
6.390931906094290404e-01 1.950896490392177718e-01 1.658171603513532710e-01
6.390916785090473562e-01 1.929702177890823545e-01 1.679381037018702338e-01
6.339526501498531363e-01 1.788601384066202948e-01 1.871872114435265411e-01
6.322543758252099355e-01 1.901891014405513447e-01 1.775565227342388031e-01
6.354779083553802055e-01 1.485028779058264470e-01 2.160192137387933475e-01
6.444555329949900324e-01 1.999143913665823447e-01 1.556300756384275952e-01
6.449261190772342944e-01 1.973684988529553763e-01 1.577053820698103570e-01
6.364158692658675731e-01 1.872044339919810008e-01 1.763796967421513706e-01
6.388545182288896118e-01 1.937549352428199756e-01 1.673905465282904681e-01
6.325445509562579449e-01 1.628374046861634228e-01 2.046180443575786045e-01
6.540683655037012878e-01 1.998140415190793606e-01 1.461175929772193238e-01
6.408131137795032295e-01 1.954736634683643393e-01 1.637132227521324868e-01
6.323253522197285204e-01 1.855813020162124238e-01 1.820933457640589725e-01
6.341464946649454371e-01 1.917049952657000067e-01 1.741485100693545562e-01
6.281521513711602056e-01 1.617155032310750307e-01 2.101323453977647915e-01
6.490369500268600156e-01 1.972780604416524142e-01 1.536849895314874592e-01
6.350160195187686263e-01 1.911272157778997061e-01 1.738567647033316677e-01
6.260543631090303984e-01 1.805458073026332821e-01 1.933998295883362639e-01
6.288038323400283458e-01 1.873087404276020940e-01 1.838874272323695047e-01
6.217564328753698577e-01 1.560699301678114825e-01 2.221736369568185765e-01
6.444600435172928021e-01 1.938146331241823173e-01 1.617253233585247696e-01
6.406966781847759362e-01 1.958999394355462609e-01 1.634033823796777751e-01
6.320883076090373365e-01 1.857703159212455157e-01 1.821413764697173143e-01
6.345297517043060331e-01 1.923246151566689044e-01 1.731456331390251180e-01
6.280853487840470928e-01 1.615833403889926911e-01 2.103313108269602993e-01
6.500010380275486055e-01 1.983486939719418807e-01 1.516502680005094861e-01
6.455550471514778232e-01 1.981153704374087610e-01 1.563295824111133048e-01
6.359788952478918622e-01 1.892286359155289366e-01 1.747924688365791734e-01
6.387104229075045714e-01 1.953785470630111099e-01 1.659110300294842910e-01
6.299771951738574183e-01 1.673806815731726516e-01 2.026421232529699856e-01
6.548362129190177239e-01 2.002385503906241593e-01 1.449252366903582001e-01
6.412740718335322443e-01 1.963114605913353905e-01 1.624144675751323930e-01
6.317328356989724281e-01 1.876793799553347908e-01 1.805877843456928367e-01
6.338162744128987836e-01 1.934341964577411810e-01 1.727495291293599522e-01
6.255589309280240595e-01 1.663778875885014163e-01 2.080631814834746351e-01
6.496283509382975163e-01 1.977839641306884388e-01 1.525876849310139338e-01
6.355612925589898543e-01 1.919206696836725790e-01 1.725180377573374835e-01
6.255678114642140297e-01 1.825856484401106872e-01 1.918465400956751721e-01
6.285903141586665077e-01 1.889700105511643302e-01 1.824396752901691343e-01
6.190387527545894164e-01 1.605498355838363422e-01 2.204114116615743246e-01
6.451447192775013884e-01 1.942712727663249428e-01 1.605840079561736689e-01
6.413962638389155702e-01 1.965777396726402226e-01 1.620259964884442350e-01
6.317287750144439107e-01 1.876858513796471062e-01 1.805853736059090386e-01
6.344439651542290726e-01 1.938866170810922551e-01 1.716694177646786723e-01
6.255830492890447347e-01 1.660063608652762868e-01 2.084105898456789785e-01
6.508111328676126073e-01 1.987216674833522378e-01 1.504671996490352104e-01
6.480412180325331173e-01 1.860830376007392983e-01 1.658757443667276954e-01
6.393613613015703967e-01 1.752701913218979168e-01 1.853684473765316032e-01
6.428005807332075605e-01 1.805243182234005372e-01 1.766751010433918467e-01
6.338615975152259718e-01 1.526642595241197164e-01 2.134741429606542285e-01
6.600507918787471562e-01 1.823693759085386057e-01 1.575798322127143491e-01
6.443194944249467371e-01 1.849832845210432897e-01 1.706972210540098900e-01
6.354530357451511069e-01 1.743919376452134906e-01 1.901550266096353747e-01
6.384631569131584694e-01 1.793023822515512067e-01 1.822344608352903794e-01
6.296554015576981689e-01 1.523684718170919272e-01 2.179761266252098484e-01
6.554791589777192451e-01 1.806574980389554774e-01 1.638633429833251942e-01
6.386121159433120198e-01 1.796662887971444966e-01 1.817215952595435113e-01
6.294279760570746785e-01 1.683382230488022768e-01 2.022338008941230447e-01
6.330119991483875719e-01 1.739215574188432423e-01 1.930664434327693246e-01
6.231929190788852990e-01 1.456524936810705828e-01 2.311545872400440904e-01
6.506837398770078940e-01 1.762389742872727261e-01 1.730772858357194632e-01
6.442419242737748020e-01 1.848729766103549554e-01 1.708850991158702148e-01
6.353789123411834883e-01 1.740132900485008016e-01 1.906077976103157656e-01
6.388644338328249850e-01 1.793629603910330550e-01 1.817726057761420155e-01
6.296411807517281467e-01 1.516143590237191974e-01 2.187444602245527947e-01
6.563017390872598611e-01 1.812190012375401171e-01 1.624792596751999663e-01
6.571928897649529366e-01 1.700257606502794949e-01 1.727813495847676517e-01
6.442276634932458945e-01 1.643218410406331043e-01 1.914504954661208624e-01
6.461759671623689139e-01 1.712916376839281329e-01 1.825323951537029810e-01
6.377070924228954718e-01 1.429840690725579788e-01 2.193088385045466049e-01
6.591787099592817389e-01 1.788144741323073883e-01 1.620068159084109005e-01
6.532907459733262590e-01 1.688083572727343828e-01 1.779008967539393582e-01
6.402533444440601240e-01 1.633368431253604813e-01 1.964098124305794224e-01
6.417085939369100434e-01 1.698892287025642600e-01 1.884021773605256411e-01
6.334057170252408442e-01 1.423789701563869248e-01 2.242153128183720923e-01
6.544972342521340192e-01 1.769635278674012435e-01 1.685392378804647096e-01
6.466230960277384865e-01 1.642443158674830317e-01 1.891325881047785096e-01
6.330814482178926950e-01 1.580475122858194803e-01 2.088710394962878802e-01
6.354229789719768595e-01 1.652127160134494177e-01 1.993643050145736673e-01
6.259433167739206771e-01 1.366785686893909335e-01 2.373781145366882783e-01
6.489344767210389886e-01 1.730718852411640973e-01 1.779936380377969696e-01
6.528428790047174912e-01 1.690146738396476611e-01 1.781424471556348199e-01
6.398071209116517055e-01 1.633637638828881189e-01 1.968291152054600368e-01
6.417424777095723787e-01 1.702792522542490861e-01 1.879782700361784797e-01
6.329899379589102315e-01 1.421478915382361485e-01 2.248621705028537032e-01
6.550166408234023852e-01 1.777332343645769974e-01 1.672501248120207562e-01
6.498999183114801959e-01 1.769283762612446631e-01 1.731717054272752521e-01
6.391706414152472648e-01 1.687488244834827178e-01 1.920805341012699341e-01
6.391995203435469897e-01 1.779980390073717944e-01 1.828024406490812159e-01
6.357761081478806586e-01 1.439660285078783741e-01 2.202578633442411615e-01
6.512341242881752867e-01 1.863692115084621126e-01 1.623966642033625729e-01
6.465693040275499737e-01 1.753305011424441395e-01 1.781001948300058868e-01
6.357644518651005550e-01 1.673088462690306977e-01 1.969267018658687474e-01
6.353718317159636753e-01 1.761806119957138039e-01 1.884475562883224375e-01
6.321000560214043995e-01 1.429233886055344405e-01 2.249765553730612433e-01
6.471743826374888320e-01 1.841295322379056243e-01 1.686960851246056547e-01
6.398129293513115101e-01 1.706858046538307361e-01 1.895012659948577260e-01
6.286416644352044170e-01 1.620924670073297380e-01 2.092658685574658450e-01
6.289496513145327317e-01 1.715013871359946929e-01 1.995489615494724922e-01
6.245557115688858962e-01 1.372240939583316000e-01 2.382201944727825316e-01
6.415611313300247920e-01 1.802079874651778268e-01 1.782308812047973534e-01
6.457607726593536102e-01 1.758179511713922061e-01 1.784212761692542393e-01
6.348864516228335253e-01 1.676118497469542834e-01 1.975016986302121358e-01
6.350021701902173188e-01 1.768660356100162923e-01 1.881317941997664445e-01
6.313104969489025109e-01 1.430527859367948518e-01 2.256367171143027206e-01
6.472783945220494939e-01 1.851899475010756468e-01 1.675316579768749148e-01
6.486367474401036892e-01 1.837469885719259510e-01 1.676162639879704708e-01
6.347340782365940015e-01 1.793351213252115106e-01 1.859308004381945711e-01
6.388509041999438365e-01 1.838728229037413509e-01 1.772762728963147294e-01
6.259614893751240805e-01 1.606493775411005354e-01 2.133891330837754952e-01
6.539647583040973933e-01 1.887309576136131928e-01 1.573042840822895805e-01
6.443298479832123560e-01 1.829045452776527358e-01 1.727656067391348249e-01
6.301613934289959085e-01 1.788097295111578666e-01 1.910288770598463082e-01
6.339182161634225876e-01 1.829282948312432044e-01 1.831534890053341802e-01
6.212529636481625150e-01 1.606849141163461947e-01 2.180621222354912070e-01
6.488474286341252562e-01 1.872198296707044407e-01 1.639327416951702199e-01
6.382936006866996026e-01 1.779146230078957336e-01 1.837917763054046361e-01
6.239988074693295639e-01 1.730397586179255043e-01 2.029614339127449041e-01
6.282953663322810023e-01 1.778470622287199876e-01 1.938575714389990101e-01
6.146032402770927883e-01 1.542449453870008425e-01 2.311518143359063970e-01
6.439772315721558060e-01 1.830263612184300226e-01 1.729964072094141991e-01
6.443717822830853370e-01 1.827289533864699389e-01 1.728992643304447518e-01
6.302886022618102713e-01 1.782843992152615131e-01 1.914269985229281879e-01
6.344997833815994026e-01 1.828731399053416806e-01 1.826270767130590000e-01
6.213635537989896651e-01 1.598232413584890488e-01 2.188132048425213139e-01
6.498571043360129584e-01 1.876697785300255050e-01 1.624731171339614533e-01
6.487056785157244709e-01 1.850599789673452733e-01 1.662343425169303113e-01
6.339291311372499127e-01 1.817045077932537556e-01 1.843663610694964428e-01
6.382669751804869174e-01 1.859447344542226044e-01 1.757882903652904782e-01
6.232143258196262137e-01 1.653783037118503607e-01 2.114073704685233424e-01
6.542498583704009496e-01 1.896520768876755747e-01 1.560980647419235590e-01
6.442089737139156114e-01 1.843333072706097031e-01 1.714577190154746855e-01
6.292873809821997177e-01 1.812813832163024108e-01 1.894312358014977604e-01
6.331728485185346145e-01 1.850886287384051476e-01 1.817385227430602934e-01
6.183151969778122314e-01 1.654913702292044875e-01 2.161934327929831423e-01
6.489710196439124612e-01 1.882185650091295626e-01 1.628104153469580040e-01
6.382624073319470570e-01 1.792634905139514345e-01 1.824741021541015640e-01
6.231420742525995982e-01 1.754442781464976009e-01 2.014136476009026899e-01
6.276547696698820955e-01 1.799374105278320202e-01 1.924078198022857733e-01
6.118376147762313311e-01 1.589825387890179409e-01 2.291798464347508668e-01
6.441844570414878568e-01 1.839686242003007455e-01 1.718469187582113422e-01
6.445099220772974036e-01 1.839646079658975031e-01 1.715254699568050101e-01
6.295537956035258675e-01 1.805610220368923935e-01 1.898851823595817945e-01
6.339848134548694558e-01 1.848637578043103302e-01 1.811514287408203250e-01
6.187101279360557315e-01 1.644487827673780933e-01 2.168410892965662307e-01
6.501881654549680478e-01 1.885297779429329912e-01 1.612820566020989332e-01
6.293023883368370486e-01 2.046958484601438810e-01 1.660017632030191537e-01
6.269201708172286169e-01 1.875123146554263376e-01 1.855675145273450177e-01
6.303543210820632403e-01 1.931669249859926940e-01 1.764787539319440379e-01
6.209248607889877869e-01 1.642067642333219779e-01 2.148683749776902630e-01
6.468044060220846658e-01 1.965293078764744905e-01 1.566662861014408437e-01
6.257110820458697820e-01 2.034206887004329778e-01 1.708682292536972125e-01
6.232161411786604210e-01 1.865463788219944297e-01 1.902374799993450660e-01
6.261149352105277455e-01 1.918207227221405964e-01 1.820643420673317137e-01
6.168722171767073714e-01 1.637104915890332801e-01 2.194172912342593207e-01
6.422680023238305225e-01 1.947114738695922276e-01 1.630205238065772777e-01
6.199578876359618240e-01 1.978022335989861324e-01 1.822398787650519880e-01
6.170567626186983512e-01 1.802727656631840369e-01 2.026704717181175563e-01
6.206573411213583968e-01 1.861971032169802975e-01 1.931455556616613056e-01
6.103848929923119115e-01 1.567500151058455193e-01 2.328650919018425414e-01
6.375289219965668552e-01 1.900621045020183808e-01 1.724089735014147917e-01
6.254623464665864940e-01 2.031333995349554611e-01 1.714042539984581281e-01
6.229517016445045297e-01 1.859938932270102097e-01 1.910544051284853440e-01
6.264153438189078438e-01 1.917061427984257105e-01 1.818785133826664735e-01
6.167011462965439339e-01 1.628757155368232845e-01 2.204231381666328371e-01
6.430264665297346083e-01 1.951012852985307133e-01 1.618722481717346506e-01
6.414995103322596037e-01 1.839110791242514198e-01 1.745894105434890320e-01
6.346803045892298600e-01 1.722549492416160510e-01 1.930647461691541444e-01
6.366466053547775727e-01 1.796216334070448450e-01 1.837317612381775267e-01
6.277452429067980066e-01 1.501675955420170572e-01 2.220871615511849639e-01
6.488883237688380934e-01 1.886282922763634351e-01 1.624833839547986380e-01
6.376140720609172474e-01 1.825471650723568540e-01 1.798387628667258986e-01
6.307921229048639722e-01 1.711805958664692207e-01 1.980272812286668072e-01
6.322056671644339376e-01 1.781609641818571732e-01 1.896333686537089447e-01
6.235710050889882172e-01 1.494526156399394734e-01 2.269763792710723094e-01
6.441795349324744846e-01 1.867188272041829245e-01 1.691016378633425354e-01
6.307977120035690444e-01 1.776779821815285265e-01 1.915243058149024014e-01
6.235202725819370961e-01 1.658006325377766321e-01 2.106790948802862995e-01
6.257385310941309120e-01 1.732182969247926807e-01 2.010431719810764628e-01
6.159557555361204750e-01 1.434871816538075551e-01 2.405570628100719421e-01
6.386356990878446771e-01 1.825760583552697991e-01 1.787882425568854960e-01
6.370545778835492445e-01 1.826041065139806518e-01 1.803413156024700481e-01
6.301984600654093605e-01 1.710505116051880548e-01 1.987510283294025293e-01
6.321376136072959229e-01 1.783941356749343676e-01 1.894682507177695430e-01
6.230006752820415050e-01 1.490743256304565278e-01 2.279249990875020504e-01
6.446213519372042677e-01 1.873247532623383282e-01 1.680538948004575428e-01
6.336065685915081014e-01 1.914850293644083101e-01 1.749084020440835607e-01
6.293749087233919681e-01 1.771041118518342783e-01 1.935209794247738369e-01
6.292284405050977414e-01 1.868110406354346886e-01 1.839605188594676810e-01
6.256150446968878898e-01 1.514050990145925091e-01 2.229798562885196289e-01
6.404606757824589103e-01 1.967243244711078531e-01 1.628149997464331256e-01
6.303001582578570128e-01 1.897421693765790063e-01 1.799576723655639809e-01
6.260592623929854827e-01 1.755961931083342698e-01 1.983445444986802753e-01
6.253957793298274837e-01 1.849353656837765258e-01 1.896688549863960183e-01
6.221988960734080587e-01 1.502822840652200675e-01 2.275188198613718737e-01
6.363474375176532138e-01 1.944469293452634195e-01 1.692056331370833111e-01
6.235508406374532520e-01 1.848492354435118390e-01 1.915999239190349090e-01
6.187769073245757978e-01 1.701332131664680947e-01 2.110898795089561075e-01
6.190092482537228324e-01 1.799505380271910204e-01 2.010402137190861194e-01
6.144018026878104166e-01 1.442389125704120478e-01 2.413592847417774523e-01
6.307755604416710460e-01 1.902597144604031287e-01 1.789647250979258808e-01
6.294124941365600856e-01 1.900604912990899176e-01 1.805270145643500523e-01
6.250893499043312929e-01 1.757858292291727131e-01 1.991248208664960218e-01
6.248776772625201925e-01 1.853285780225830126e-01 1.897937447148969614e-01
6.210754466331859236e-01 1.502020274921951337e-01 2.287225258746189427e-01
6.364028003116513066e-01 1.953263069693638165e-01 1.682708927189849046e-01
6.320649868935567239e-01 1.989602887246241514e-01 1.689747243818191802e-01
6.242928752753252875e-01 1.885576009978630618e-01 1.871495237268117062e-01
6.283798585320332641e-01 1.934355748326423985e-01 1.781845666353242541e-01
6.150232579446676118e-01 1.690928882309971626e-01 2.158838538243352256e-01
6.428396483780022264e-01 1.996868619147991186e-01 1.574734897071985440e-01
6.277386550691369527e-01 1.979329300811971393e-01 1.743284148496659081e-01
6.199932578166448272e-01 1.878879537058572580e-01 1.921187884774979426e-01
6.234633286709685418e-01 1.923765074539451059e-01 1.841601638750864078e-01
6.102894741586436522e-01 1.689248231396641153e-01 2.207857027016921492e-01
6.377093447460907560e-01 1.980938306777554336e-01 1.641968245761538658e-01
6.217819893316379742e-01 1.926709358664814853e-01 1.855470748018805405e-01
6.135712040443529469e-01 1.819019790250117896e-01 2.045268169306351524e-01
6.178648416196554916e-01 1.870116320730870474e-01 1.951235263072575443e-01
6.035996749594719768e-01 1.624265671109685893e-01 2.339737579295593783e-01
6.328644099203943885e-01 1.936608847550388701e-01 1.734747053245667137e-01
6.277272562577729254e-01 1.975988491726662633e-01 1.746738945695609224e-01
6.198318211327527028e-01 1.872383394674049795e-01 1.929298393998423455e-01
6.239365767801123841e-01 1.921646988479871476e-01 1.838987243719004960e-01
6.104300978356350660e-01 1.679927115602657672e-01 2.215771906040991113e-01
6.386368893722287332e-01 1.983894432911145478e-01 1.629736673366568023e-01
6.319684700104791775e-01 2.006695946977303247e-01 1.673619352917904701e-01
6.231433432907579339e-01 1.915112807809167261e-01 1.853453759283254232e-01
6.274584588694900322e-01 1.960723473628277480e-01 1.764691937676821920e-01
6.119293999920625282e-01 1.744766728886322504e-01 2.135939271193052769e-01
6.428232517021420511e-01 2.011320878592507688e-01 1.560446604386071801e-01
6.275427562095562406e-01 1.997594850527385224e-01 1.726977587377051537e-01
6.185627818098160535e-01 1.908988297680883905e-01 1.905383884220955282e-01
6.223969016111302599e-01 1.950786583114643979e-01 1.825244400774053699e-01
6.071444335164136730e-01 1.744124678452077803e-01 2.184430986383786022e-01
6.375408224869112406e-01 1.995964872558862180e-01 1.628626902572024859e-01
6.216751791717479714e-01 1.944315021637348928e-01 1.838933186645169693e-01
6.122924018496627152e-01 1.848756830023116915e-01 2.028319151480255378e-01
6.169031092337079469e-01 1.896486952916948965e-01 1.934481954745972399e-01
6.006112295739599594e-01 1.676450182746374307e-01 2.317437521514026377e-01
6.327793406831321299e-01 1.951133545382839063e-01 1.721073047785839638e-01
6.277078945355883954e-01 1.992594256030003064e-01 1.730326798614112982e-01
6.187497488591421346e-01 1.900961916737251012e-01 1.911540594671327642e-01
6.231000376170462429e-01 1.947008124916716765e-01 1.821991498912820528e-01
6.073504630238911739e-01 1.732045744331669190e-01 2.194449625429419071e-01
6.386746322126752862e-01 1.997614941551230650e-01 1.615638736322016211e-01
6.455196588158608195e-01 1.934707311886680325e-01 1.610096099954711757e-01
6.436303360330318801e-01 1.756227820816186891e-01 1.807468818853494585e-01
6.453966181135399882e-01 1.828429008557341806e-01 1.717604810307258034e-01
6.422540305939826721e-01 1.479264795731966009e-01 2.098194898328206992e-01
6.602589255211798180e-01 1.878095604746298219e-01 1.519315140041904155e-01
6.418231118403133761e-01 1.914691053105006813e-01 1.667077828491859148e-01
6.397404574236635888e-01 1.739183833739139096e-01 1.863411592024226127e-01
6.411008071437062084e-01 1.807790005138367739e-01 1.781201923424570455e-01
6.381903356052628373e-01 1.468007277232579455e-01 2.150089366714791617e-01
6.555668632799802609e-01 1.852618946551773949e-01 1.591712420648423998e-01
6.359943191308100596e-01 1.869596964461747168e-01 1.770459844230151958e-01
6.334671464054906220e-01 1.687667696011742879e-01 1.977660839933350900e-01
6.354982770884604060e-01 1.762860614250204294e-01 1.882156614865192479e-01
6.313296040524202235e-01 1.409722539183100587e-01 2.276981420292697733e-01
6.508067191192348222e-01 1.816628703687015178e-01 1.675304105120636600e-01
6.416814532789585357e-01 1.920508362148779236e-01 1.662677105061635685e-01
6.395355919156645585e-01 1.742407061361153919e-01 1.862237019482201050e-01
6.414665985528512637e-01 1.814976717986653554e-01 1.770357296484832144e-01
6.380525786152133616e-01 1.468290291617002086e-01 2.151183922230864298e-01
6.564735632333267290e-01 1.864701477017400300e-01 1.570562890649332688e-01
6.568060170499330219e-01 1.744070072044331954e-01 1.687869757456338660e-01
6.503963384677894366e-01 1.622745059915968735e-01 1.873291555406138564e-01
6.505667840848571304e-01 1.711246662178195765e-01 1.783085496973233486e-01
6.480030060242955026e-01 1.360525411696232312e-01 2.159444528060812385e-01
6.612001471674181508e-01 1.816944885098763507e-01 1.571053643227056096e-01
6.528280994105108981e-01 1.723909633691751431e-01 1.747809372203139588e-01
6.465004661969334654e-01 1.604856942090951144e-01 1.930138395939713369e-01
6.462707872224630057e-01 1.689783565563670598e-01 1.847508562211698235e-01
6.438510414004717797e-01 1.346984955365456982e-01 2.214504630629825499e-01
6.564858615363783345e-01 1.790961435548753256e-01 1.644179949087464510e-01
6.459337990569415933e-01 1.685334504138020773e-01 1.855327505292563850e-01
6.391128629864810673e-01 1.560871749760611160e-01 2.047999620374577889e-01
6.395411458549212780e-01 1.650262905326631002e-01 1.954325636124154553e-01
6.360384330072786918e-01 1.298143005319710164e-01 2.341472664607503473e-01
6.509387957811171299e-01 1.759155467245700766e-01 1.731456574943127380e-01
6.523465169198420233e-01 1.732440134169485613e-01 1.744094696632093322e-01
6.460013572818609218e-01 1.611107990359782194e-01 1.928878436821608311e-01
6.461149489069063501e-01 1.700140898098992936e-01 1.838709612831944118e-01
6.432518306811754183e-01 1.351139092340429559e-01 2.216342600847815425e-01
6.570857970728392061e-01 1.804350110619227510e-01 1.624791918652380707e-01
6.478569038168425775e-01 1.836797344696757817e-01 1.684633617134816685e-01
6.439493132663157704e-01 1.687646321355268098e-01 1.872860545981573921e-01
6.420424745595652016e-01 1.800522356329396778e-01 1.779052898074953148e-01
6.448237445867222029e-01 1.388751399564984168e-01 2.163011154567794914e-01
6.516902001514538467e-01 1.915590933592374312e-01 1.567507064893087776e-01
6.444440062233978139e-01 1.813426288198082270e-01 1.742133649567939035e-01
6.405682778355462625e-01 1.664928144704118929e-01 1.929389076940417613e-01
6.382499293724402945e-01 1.774645324343465946e-01 1.842855381932131664e-01
6.412528187153276882e-01 1.370357763554871933e-01 2.217114049291851186e-01
6.475188973627983291e-01 1.886019719946335216e-01 1.638791306425680938e-01
6.376807366557307732e-01 1.774427556335858303e-01 1.848765077106833687e-01
6.332999665940203249e-01 1.621423523281847467e-01 2.045576810777949284e-01
6.316736267521303461e-01 1.735168818335331153e-01 1.948094914143365108e-01
6.334409674371598298e-01 1.322149454855275907e-01 2.343440870773125517e-01
6.419227096321764581e-01 1.854142288136600980e-01 1.726630615541635272e-01
6.435972715017753698e-01 1.824193496850846918e-01 1.739833788131399384e-01
6.396014922658005419e-01 1.674204067340974156e-01 1.929781010001020980e-01
6.377949770815265484e-01 1.787740818392785369e-01 1.834309410791949702e-01
6.402747616151489574e-01 1.377984014068331931e-01 2.219268369780179051e-01
6.476969967175904008e-01 1.902238510966125784e-01 1.620791521857969653e-01
6.496597994898412054e-01 1.862092967402469712e-01 1.641309037699117679e-01
6.422622024409732067e-01 1.752666180622084180e-01 1.824711794968184586e-01
6.446494324849340041e-01 1.817126473648698060e-01 1.736379201501960789e-01
6.375189088107379165e-01 1.515553090819662108e-01 2.109257821072958172e-01
6.576123926203241155e-01 1.894719681281721302e-01 1.529156392515037821e-01
6.452410113860910235e-01 1.846100926109866536e-01 1.701488960029223507e-01
6.377703420562532699e-01 1.739356847231243730e-01 1.882939732206224126e-01
6.396085873790113840e-01 1.799702223880723650e-01 1.804211902329162232e-01
6.329887548526291763e-01 1.508526697581827059e-01 2.161585753891880901e-01
6.523184547563422031e-01 1.872105560404018487e-01 1.604709892032560037e-01
6.391839906399146010e-01 1.803103296932983268e-01 1.805056796667870167e-01
6.313437558814470885e-01 1.690290206140667162e-01 1.996272235044862231e-01
6.340216443668627022e-01 1.756777522984672157e-01 1.903006033346700543e-01
6.260276217644130670e-01 1.452759926730890494e-01 2.286963855624978559e-01
6.474478956344538183e-01 1.837790847816373752e-01 1.687730195839086400e-01
6.452897689521494007e-01 1.850454389764729368e-01 1.696647920713776625e-01
6.377725816200616737e-01 1.741152617846553341e-01 1.881121565952829922e-01
6.403005519071507390e-01 1.805469751741961837e-01 1.791524729186529385e-01
6.329739142930753681e-01 1.506880745486080531e-01 2.163380111583165510e-01
6.534117984427233461e-01 1.882776014359659189e-01 1.583106001213106795e-01
6.500691831223933681e-01 1.870030074865735303e-01 1.629278093910331571e-01
6.415810138589197464e-01 1.773499030519864461e-01 1.810690830890938630e-01
6.442356757145220048e-01 1.834429407565952297e-01 1.723213835288825713e-01
6.347975462984577488e-01 1.562865802735080856e-01 2.089158734280341934e-01
6.581841992353260062e-01 1.899283211517032166e-01 1.518874796129708049e-01
6.454789888231526884e-01 1.854999566260474020e-01 1.690210545507999929e-01
6.369135011081576980e-01 1.761223440388827999e-01 1.869641548529595299e-01
6.390203031904727604e-01 1.817964136104945894e-01 1.791832831990327612e-01
6.299484812224028785e-01 1.556185076293156999e-01 2.144330111482814494e-01
6.527132206862057417e-01 1.877446935299346975e-01 1.595420857838594497e-01
6.395265223846556824e-01 1.810978595099699273e-01 1.793756181053744181e-01
6.305765987273401763e-01 1.711074401461730454e-01 1.983159611264868338e-01
6.335549965351764401e-01 1.774157615777972596e-01 1.890292418870263280e-01
6.232363680369310543e-01 1.499482414567594735e-01 2.268153905063093889e-01
6.479351521828761173e-01 1.842412329342947852e-01 1.678236148828291252e-01
6.457683958180590045e-01 1.857640894648316388e-01 1.684675147171093290e-01
6.371781691158574512e-01 1.761535434283464929e-01 1.866682874557960281e-01
6.398711200696569623e-01 1.821939302777045022e-01 1.779349496526383967e-01
6.302210249033831646e-01 1.552582223565131536e-01 2.145207527401035708e-01
6.540260142344830330e-01 1.886750567619019658e-01 1.572989290036150012e-01
