4.278586230320637895e-01 2.921496045283654142e-01 2.799917724395707408e-01
4.223394568411853456e-01 3.587168169185561140e-01 2.189437262402584572e-01
4.231493723079947644e-01 3.313396913217495632e-01 2.455109363702557557e-01
4.288999206852234236e-01 3.204871212411976034e-01 2.506129580735789175e-01
4.282267140811632511e-01 3.269789807566941264e-01 2.447943051621426502e-01
4.234367891943488504e-01 2.880351680413747451e-01 2.885280427642764045e-01
4.186478825920473823e-01 3.545572874544998254e-01 2.267948299534527368e-01
4.188152666372488286e-01 3.266557968737248130e-01 2.545289364890263029e-01
4.242533221022312673e-01 3.155176336975534790e-01 2.602290442002152537e-01
4.235144098894133013e-01 3.221205250540280507e-01 2.543650650565585924e-01
4.181045565490915661e-01 2.779732863518526997e-01 3.039221570990557897e-01
4.143868680289349848e-01 3.455957472983310907e-01 2.400173846727338134e-01
4.142656940695346179e-01 3.179764935172899598e-01 2.677578124131754778e-01
4.194827527175110649e-01 3.065415164823455108e-01 2.739757308001435354e-01
4.190650950300451316e-01 3.134108355157275705e-01 2.675240694542274089e-01
4.227335406845149635e-01 2.882823335306769486e-01 2.889841257848081990e-01
4.179571381405491892e-01 3.549670118724939649e-01 2.270758499869567348e-01
4.185849502545915812e-01 3.276408813045092461e-01 2.537741684408991727e-01
4.237998896926775116e-01 3.161303122754021144e-01 2.600697980319203739e-01
4.233600713097884216e-01 3.229444704112671705e-01 2.536954582789443524e-01
4.318106627314570733e-01 2.726616483663031887e-01 2.955276889022396269e-01
4.227517438701489105e-01 3.437259077076165181e-01 2.335223484222344881e-01
4.256910780051466059e-01 3.139009983556840799e-01 2.604079236391694252e-01
4.310515481463110254e-01 3.035013567486632979e-01 2.654470951050256211e-01
4.296954946455160407e-01 3.109543591303665089e-01 2.593501462241173949e-01
4.271754245792394045e-01 2.684994745440048014e-01 3.043251008767557941e-01
4.189625503486689717e-01 3.393667333987634982e-01 2.416707162525675301e-01
4.209779532836075422e-01 3.090799755784506830e-01 2.699420711379418303e-01
4.260335169917234821e-01 2.984849145172384088e-01 2.754815684910381646e-01
4.245631364232612115e-01 3.058332208890007786e-01 2.696036426877380099e-01
4.205797978657477842e-01 2.593694666838994300e-01 3.200507354503528967e-01
4.133477392253447902e-01 3.308988095657645623e-01 2.557534512088906475e-01
4.153444632107803347e-01 3.009459258745015853e-01 2.837096109147180245e-01
4.201544968590988915e-01 2.901138730409540956e-01 2.897316300999470129e-01
4.188732228584353123e-01 2.977372942669262446e-01 2.833894828746384986e-01
4.257849979175242772e-01 2.693213384256065157e-01 3.048936636568692626e-01
4.175329369395041068e-01 3.402160741348247419e-01 2.422509889256712068e-01
4.201596197299645730e-01 3.104664579770318733e-01 2.693739222930036092e-01
4.249632520504494360e-01 2.995464027831772902e-01 2.754903451663733294e-01
4.237549533588983453e-01 3.071347302634655496e-01 2.691103163776361051e-01
4.257912227070009825e-01 2.797978021488996547e-01 2.944109751440994183e-01
4.145552810486295425e-01 3.528758653618255803e-01 2.325688535895448494e-01
4.168048508877726377e-01 3.238620981920204978e-01 2.593330509202069756e-01
4.220575481116731198e-01 3.137415254864794889e-01 2.642009264018473913e-01
4.202771111340674048e-01 3.216749248348529933e-01 2.580479640310796574e-01
4.221336162920609203e-01 2.750198992624241501e-01 3.028464844455149851e-01
4.115218705054328185e-01 3.480446162421394485e-01 2.404335132524277330e-01
4.132172938987612176e-01 3.185918603313758757e-01 2.681908457698629067e-01
4.180342656489741127e-01 3.081731860118185340e-01 2.737925483392073533e-01
4.161643576036022085e-01 3.160123524678866147e-01 2.678232899285111768e-01
4.154698005963922691e-01 2.659031078387689706e-01 3.186270915648388158e-01
4.057646021329535668e-01 3.394799383602228326e-01 2.547554595068236560e-01
4.074656821770202830e-01 3.103928397237438741e-01 2.821414780992358984e-01
4.120554667634291346e-01 2.997667766204610285e-01 2.881777566161100035e-01
4.104895883303815718e-01 3.079098131005873484e-01 2.816005985690311908e-01
4.201876986830811456e-01 2.762695150146664558e-01 3.035427863022524542e-01
4.096574997221431036e-01 3.492061900540516239e-01 2.411363102238053002e-01
4.119073157597790691e-01 3.203767502127503053e-01 2.677159340274706811e-01
4.163690432865118640e-01 3.096091805862425383e-01 2.740217761272455421e-01
4.147980214981959457e-01 3.176601309851835309e-01 2.675418475166204679e-01
4.221427236993811061e-01 2.918500511849991819e-01 2.860072251156196010e-01
4.133809809145524983e-01 3.636016892566467096e-01 2.230173298288008477e-01
4.174419881324394344e-01 3.314346922487168556e-01 2.511233196188435990e-01
4.222664659861818937e-01 3.219126277019568327e-01 2.558209063118612181e-01
4.220145986214661193e-01 3.280130631789778262e-01 2.499723381995561378e-01
4.167914119018577002e-01 2.882779705551231086e-01 2.949306175430191912e-01
4.087946909643874194e-01 3.594350756467746821e-01 2.317702333888379262e-01
4.122856411222268758e-01 3.271321341527617665e-01 2.605822247250113577e-01
4.166314732171148005e-01 3.172494534297374824e-01 2.661190733531476060e-01
4.162716342184913931e-01 3.232786952863691554e-01 2.604496704951394515e-01
4.113450867065737149e-01 2.783971986429332746e-01 3.102577146504930106e-01
4.041938012137930025e-01 3.506122046617493049e-01 2.451939941244577759e-01
4.075885026227215047e-01 3.185176133466655624e-01 2.738938840306129330e-01
4.117850478651384205e-01 3.083680803153289740e-01 2.798468718195327165e-01
4.117825738003706992e-01 3.146440952688975834e-01 2.735733309307316063e-01
4.162807419119887165e-01 2.883998630407478281e-01 2.953193950472634000e-01
4.082799425686501893e-01 3.598437340563553910e-01 2.318763233749943087e-01
4.121057052745804583e-01 3.279586973663799476e-01 2.599355973590396496e-01
4.163767126507055272e-01 3.177556890890948504e-01 2.658675982601996224e-01
4.162816332273608366e-01 3.240863348797017873e-01 2.596320318929373205e-01
4.197192849771635981e-01 2.974473918964175567e-01 2.828333231264189562e-01
4.119879442163241756e-01 3.676583750863151590e-01 2.203536806973606377e-01
4.155856635572146018e-01 3.362572642752619245e-01 2.481570721675234459e-01
4.213525522569513959e-01 3.255866318445757579e-01 2.530608158984727907e-01
4.210513090830740879e-01 3.317811492936891815e-01 2.471675416232367584e-01
4.141808693437623035e-01 2.939541204681866970e-01 2.918650101880508885e-01
4.073639546838754288e-01 3.637968299202022360e-01 2.288392153959223074e-01
4.100769424202981850e-01 3.319935496973895894e-01 2.579295078823122811e-01
4.156520717166747869e-01 3.209300870394800609e-01 2.634178412438452077e-01
4.149931019976645930e-01 3.271756649945715134e-01 2.578312330077638936e-01
4.089450629102407420e-01 2.839198130679927989e-01 3.071351240217665146e-01
4.029836930227803649e-01 3.548419261015052784e-01 2.421743808757143013e-01
4.057775406261596718e-01 3.233430917045396757e-01 2.708793676693007080e-01
4.108093400843535470e-01 3.120314010063118260e-01 2.771592589093346271e-01
4.106198726093616691e-01 3.185626689278293067e-01 2.708174584628090242e-01
4.140850376422892665e-01 2.937824911180064724e-01 2.921324712397042611e-01
4.071861888250296047e-01 3.640556863604593185e-01 2.287581248145111046e-01
4.103814220549769076e-01 3.326377249675898651e-01 2.569808529774332273e-01
4.157253528680157073e-01 3.212598733794923556e-01 2.630147737524919371e-01
4.154396062873211837e-01 3.277155235257416255e-01 2.568448701869371908e-01
4.327536334727903333e-01 2.891968346011253299e-01 2.780495319260844478e-01
4.252512041912800411e-01 3.570447598633555986e-01 2.177040359453642493e-01
4.276100056944048267e-01 3.286547815989942500e-01 2.437352127066010066e-01
4.327892175323370672e-01 3.183002074624969868e-01 2.489105750051660015e-01
4.319096839591548553e-01 3.249825039907209279e-01 2.431078120501241890e-01
4.282328569871978186e-01 2.850844343603091691e-01 2.866827086524929569e-01
4.214411303757831240e-01 3.528984675394416515e-01 2.256604020847753078e-01
4.231507592174486021e-01 3.239700885519058438e-01 2.528791522306455541e-01
4.280088224615014036e-01 3.133238517212678098e-01 2.586673258172307310e-01
4.272615698903814985e-01 3.199245080418224862e-01 2.528139220677960153e-01
4.232501826657172894e-01 2.746613240674696255e-01 3.020884932668131961e-01
4.176245120115700815e-01 3.435400410806469518e-01 2.388354469077830500e-01
4.190066688784239712e-01 3.149129368179807709e-01 2.660803943035953134e-01
4.236800141031387690e-01 3.038484103135344894e-01 2.724715755833266861e-01
4.230115729440867001e-01 3.110430025521944142e-01 2.659454245037187747e-01
4.278353792230517594e-01 2.850650139145554096e-01 2.870996068623928865e-01
4.209772677010146791e-01 3.530917877475038824e-01 2.259309445514815218e-01
4.231799640790258055e-01 3.247082826916550813e-01 2.521117532293190577e-01
4.278789726133218063e-01 3.136687936229763385e-01 2.584522337637019662e-01
4.272994375926432720e-01 3.205963689397093308e-01 2.521041934676473417e-01
4.362777317148450740e-01 2.701266667553026135e-01 2.935956015298523680e-01
4.250499136949765777e-01 3.425850872179586615e-01 2.323649990870648163e-01
4.296402770625729062e-01 3.116290436820837173e-01 2.587306792553433210e-01
4.343562108409196876e-01 3.017657830660482876e-01 2.638780060930320803e-01
4.328702300800301717e-01 3.093649329373073797e-01 2.577648369826625041e-01
4.315451926957707962e-01 2.659752105116583443e-01 3.024795967925708595e-01
4.211308119212858747e-01 3.382054024130533576e-01 2.406637856656607954e-01
4.248147667326840904e-01 3.068287254517861884e-01 2.683565078155297212e-01
4.292672183096307159e-01 2.967424503868244523e-01 2.739903313035447208e-01
4.276584502984105973e-01 3.042412026946402781e-01 2.681003470069491246e-01
4.252974469253893997e-01 2.565189369465515901e-01 3.181836161280590103e-01
4.157931774634718303e-01 3.294406405693882656e-01 2.547661819671397931e-01
4.194935044099582511e-01 2.983869804696312467e-01 2.821195151204105578e-01
4.236477022632240130e-01 2.880542184560295760e-01 2.882980792807464110e-01
4.223153245437119008e-01 2.958840288219405368e-01 2.818006466343476735e-01
4.304512418683276720e-01 2.665490617852189770e-01 3.029996963464532955e-01
4.200073355202103564e-01 3.388243652140038309e-01 2.411682992657858127e-01
4.242545053424365276e-01 3.079861242276019095e-01 2.677593704299616184e-01
4.284327403184274852e-01 2.975963617451706789e-01 2.739708979364018915e-01
4.271112635128613277e-01 3.053243135109158235e-01 2.675644229762229043e-01
4.304025900256536197e-01 2.769781489883526571e-01 2.926192609859936122e-01
4.168165113489075146e-01 3.515140063310003282e-01 2.316694823200921294e-01
4.207236396839283410e-01 3.214064210267912336e-01 2.578699392892804254e-01
4.253779758767447516e-01 3.118359004990295946e-01 2.627861236242255982e-01
4.234420961302075015e-01 3.199386309827931818e-01 2.566192728869993722e-01
4.266460271717639752e-01 2.722034758347919858e-01 3.011504969934440945e-01
4.137200184028225758e-01 3.466990701356557625e-01 2.395809114615216617e-01
4.170366235577674385e-01 3.161381261626665107e-01 2.668252502795660508e-01
4.212860100901746341e-01 3.062527549234512203e-01 2.724612349863740901e-01
4.192655662733886235e-01 3.142545449411250913e-01 2.664798887854861742e-01
4.203304260470978049e-01 2.627625707891076412e-01 3.169070031637946094e-01
4.083096756009930162e-01 3.378939080473488121e-01 2.537964163516582272e-01
4.116418843029713837e-01 3.076490882244087843e-01 2.807090274726197765e-01
4.156062159673774015e-01 2.975319126192492170e-01 2.868618714133734371e-01
4.138916352570157220e-01 3.058442285423971230e-01 2.802641362005871550e-01
4.249957991888778097e-01 2.732131211435460671e-01 3.017910796675761786e-01
4.120343229244339267e-01 3.476431058470667024e-01 2.403225712284994819e-01
4.158130065648968920e-01 3.177170203382289615e-01 2.664699730968740909e-01
4.198683976057251965e-01 3.074821774723086598e-01 2.726494249219660881e-01
4.181457400106710631e-01 3.156906762162044466e-01 2.661635837731246013e-01
4.268462537557036196e-01 2.890361962731395340e-01 2.841175499711568464e-01
4.157968351851961120e-01 3.620710037211870569e-01 2.221321610936168867e-01
4.216449769140517279e-01 3.289102269556102298e-01 2.494447961303380423e-01
4.258381536804060064e-01 3.199132144512818465e-01 2.542486318683121471e-01
4.254808994790376664e-01 3.261388646918872425e-01 2.483802358290750079e-01
4.213658082960747286e-01 2.854975822126649132e-01 2.931366094912604692e-01
4.111966905466287181e-01 3.580511881698064669e-01 2.307521212835647872e-01
4.164480579405206995e-01 3.246139457754599333e-01 2.589379962840193117e-01
4.201041848280779867e-01 3.152636759314452752e-01 2.646321392404767381e-01
4.196357555439516607e-01 3.214250756117291719e-01 2.589391688443191120e-01
4.162682451716274157e-01 2.752851548722685671e-01 3.084465999561040173e-01
4.069566943712022988e-01 3.489051833722870422e-01 2.441381222565107700e-01
4.119834624426679248e-01 3.156901404938102229e-01 2.723263970635218523e-01
4.155453534970494633e-01 3.060733032047026070e-01 2.783813432982478187e-01
4.153478748219338046e-01 3.125766369869500405e-01 2.720754881911161549e-01
4.211566844114441599e-01 2.853561064174963691e-01 2.934872091710594155e-01
4.108668257809217628e-01 3.582058460720030091e-01 2.309273281470751449e-01
4.164805203339229656e-01 3.252488194996221438e-01 2.582706601664548351e-01
4.201089645464816669e-01 3.155357418091064847e-01 2.643552936444117374e-01
4.198969297470774853e-01 3.219887570818515399e-01 2.581143131710709748e-01
4.246055873279394599e-01 2.945311076958238572e-01 2.808633049762366274e-01
4.145776790712692450e-01 3.662267318690634599e-01 2.191955890596672674e-01
4.198937037343051237e-01 3.336799719656520780e-01 2.464263243000428538e-01
4.250291653189325891e-01 3.234645439350132823e-01 2.515062907460540731e-01
4.246798305446366495e-01 3.297852508076403732e-01 2.455349186477229217e-01
4.187859538389980263e-01 2.911165394721377253e-01 2.900975066888643039e-01
4.098704379510300089e-01 3.622439138664514946e-01 2.278856481825185243e-01
4.142465914676009553e-01 3.294455356933697066e-01 2.563078728390293382e-01
4.190419951706618740e-01 3.189467209949292115e-01 2.620112838344089146e-01
4.186568458283571603e-01 3.250697544167230335e-01 2.562733997549197507e-01
4.138801768827878869e-01 2.807763520624076414e-01 3.053434710548045827e-01
4.058071744960535243e-01 3.530201534492742876e-01 2.411726720546722436e-01
4.101883697728788691e-01 3.204357334473454944e-01 2.693758967797755810e-01
4.146277497105994025e-01 3.096856966905438546e-01 2.756865535988567983e-01
4.142563031149339992e-01 3.163844864977083948e-01 2.693592103873576060e-01
4.189480218387825472e-01 2.906835096191787149e-01 2.903684685420387379e-01
4.096113503918030196e-01 3.622497790407667728e-01 2.281388705674300965e-01
4.147669823872943140e-01 3.298759682146838457e-01 2.553570493980217848e-01
4.194121344253470829e-01 3.189872448454473264e-01 2.616006207292057018e-01
4.192631908172393951e-01 3.254432829955617446e-01 2.552935261871988604e-01
4.314056644632573989e-01 2.854370665389233119e-01 2.831572689978192892e-01
4.230385661838998446e-01 3.520864846316522634e-01 2.248749491844479198e-01
4.282562472547196131e-01 3.220406079568664537e-01 2.497031447884139055e-01
4.335681196878042876e-01 3.116511501217311686e-01 2.547807301904645993e-01
4.336994250376225435e-01 3.174944056998931785e-01 2.488061692624843613e-01
4.259938983183251815e-01 2.828322457845203197e-01 2.911738558971544433e-01
4.186248518086077008e-01 3.490848290083604644e-01 2.322903191830319181e-01
4.230161116063924087e-01 3.186444450355241376e-01 2.583394433580835092e-01
4.280127465098697570e-01 3.079550545160529285e-01 2.640321989740773700e-01
4.277516549984846095e-01 3.141119464536846762e-01 2.581363985478308254e-01
4.215436189614200080e-01 2.716219716591882771e-01 3.068344093793917149e-01
4.149107015087478145e-01 3.390380569632675534e-01 2.460512415279847154e-01
4.191676022497360932e-01 3.089690222117185692e-01 2.718633755385452822e-01
4.240318519905957317e-01 2.978321456525012123e-01 2.781360023569031670e-01
4.240590263430619178e-01 3.042691454792056382e-01 2.716718281777324995e-01
4.263130119101990467e-01 2.820234555815919752e-01 2.916635325082089780e-01
4.186737412055510643e-01 3.486356343766306431e-01 2.326906244178182925e-01
4.236143758240864532e-01 3.186772715445579385e-01 2.577083526313556083e-01
4.286933042722871900e-01 3.073926071181657949e-01 2.639140886095470706e-01
4.285645984906415462e-01 3.137964009842870161e-01 2.576390005250713822e-01
4.343373852639986210e-01 2.679119915259245421e-01 2.977506232100767813e-01
4.221940438174915378e-01 3.389455883742327758e-01 2.388603678082756865e-01
4.296116289485025219e-01 3.064453588539864382e-01 2.639430121975110954e-01
4.346547954334631925e-01 2.965405482419951610e-01 2.688046563245417020e-01
4.336361496114564118e-01 3.035705188659796883e-01 2.627933315225639554e-01
4.286153141814488254e-01 2.650793356096580178e-01 3.063053502088931013e-01
4.175199479241171741e-01 3.356700849948175969e-01 2.468099670810653123e-01
4.241105857699117854e-01 3.028580850179110051e-01 2.730313292121771540e-01
4.287510636579826007e-01 2.927318040064123550e-01 2.785171323356051554e-01
4.278208919702107815e-01 2.995776888624728240e-01 2.726014191673163944e-01
4.228660332272161093e-01 2.549560148848873942e-01 3.221779518878964965e-01
4.126499632089917213e-01 3.262080040391901470e-01 2.611420327518182427e-01
4.191154188228877198e-01 2.937807658632433649e-01 2.871038153138689708e-01
4.234629548653070508e-01 2.834599621421194371e-01 2.930770829925734011e-01
4.228018061971575703e-01 2.906126040882661687e-01 2.865855897145763165e-01
4.283126184839939343e-01 2.648865954053900573e-01 3.068007861106160084e-01
4.170027365337296565e-01 3.356476075016233684e-01 2.473496559646470860e-01
4.241141762895345724e-01 3.033417016811259526e-01 2.725441220293394751e-01
4.285500377462008181e-01 2.928815409936714742e-01 2.785684212601277077e-01
4.278676209643059725e-01 3.000018438055322978e-01 2.721305352301617853e-01
4.287343351114950574e-01 2.740139204924025296e-01 2.972517443961024686e-01
4.138696862336284088e-01 3.474095696078787765e-01 2.387207441584927592e-01
4.209607112565499354e-01 3.156028567351292780e-01 2.634364320083207867e-01
4.257789153972752483e-01 3.059401235273859210e-01 2.682809610753388307e-01
4.245063597827850588e-01 3.133633254945918378e-01 2.621303147226230479e-01
4.239831623464187516e-01 2.705382011112076879e-01 3.054786365423735606e-01
4.100648712542528940e-01 3.437226605908634824e-01 2.462124681548836236e-01
4.164100433753737396e-01 3.115162050057737608e-01 2.720737516188524996e-01
4.209402889379337265e-01 3.015425930356014916e-01 2.775171180264648374e-01
4.195596158691874966e-01 3.089079352970608983e-01 2.715324488337516606e-01
4.183168787433008129e-01 2.604062583898027472e-01 3.212768628668964954e-01
4.051482200891227681e-01 3.341772424820017573e-01 2.606745374288754746e-01
4.114229368892614591e-01 3.023705318736578107e-01 2.862065312370806747e-01
4.156520567553116385e-01 2.921980071238966525e-01 2.921499361207916534e-01
4.146634893781711018e-01 2.997617580281036198e-01 2.855747525937251674e-01
4.231073863049541472e-01 2.708177268545203797e-01 3.060748868405254730e-01
4.090867676661021357e-01 3.439973556195036752e-01 2.469158767143941335e-01
4.159588450191583631e-01 3.124245027767713068e-01 2.716166522040702747e-01
4.201978343683712702e-01 3.021179503297871660e-01 2.776842153018415082e-01
4.191893895049889629e-01 3.096968217534413204e-01 2.711137887415697723e-01
4.250017865351580215e-01 2.873650864289395424e-01 2.876331270359023806e-01
4.134100035369449033e-01 3.585525053391760419e-01 2.280374911238791658e-01
4.220136134838415320e-01 3.240175800079135859e-01 2.539688065082448820e-01
4.263233388602406526e-01 3.149212957074112862e-01 2.587553654323479502e-01
4.265770948410110841e-01 3.205470273273908210e-01 2.528758778315982059e-01
4.185531722528454956e-01 2.851386762495165539e-01 2.963081514976378950e-01
4.080088578415327349e-01 3.557091986275666140e-01 2.362819435309007066e-01
4.158274942850781475e-01 3.209476140233453734e-01 2.632248916915764791e-01
4.200218804603745304e-01 3.115362937392527343e-01 2.684418258003726243e-01
4.199227210905351337e-01 3.171450650841374230e-01 2.629322138253273322e-01
4.139115744807232433e-01 2.742617307719347197e-01 3.118266947473420370e-01
4.043157751980485659e-01 3.458712033129600072e-01 2.498130214889915379e-01
4.118628545180647027e-01 3.114287231041903969e-01 2.767084223777449559e-01
4.156122411386087845e-01 3.017373069177621270e-01 2.826504519436292551e-01
4.160367399839575708e-01 3.076779159746415582e-01 2.762853440414007600e-01
4.190973659375708538e-01 2.842232043603858394e-01 2.966794297020433624e-01
4.083281315002148526e-01 3.551850569868866825e-01 2.364868115128984372e-01
4.166605583733515306e-01 3.208809573741082666e-01 2.624584842525401474e-01
4.205401829261498081e-01 3.111641763908781222e-01 2.682956406829721807e-01
4.207524979194410264e-01 3.169590057499634961e-01 2.622884963305955885e-01
4.225959780424682899e-01 2.927902074542330646e-01 2.846138145032986455e-01
4.123850137124576709e-01 3.626472077990069431e-01 2.249677784885353304e-01
4.201861163340182559e-01 3.288298192001737341e-01 2.509840644658080100e-01
4.254435282813286978e-01 3.185371588790865127e-01 2.560193128395848450e-01
4.256854998137877821e-01 3.241777038407666622e-01 2.501367963454455001e-01
4.159964688657754595e-01 2.907273852706222517e-01 2.932761458636022889e-01
4.068708934216838102e-01 3.598172657314099854e-01 2.333118408469062877e-01
4.138385728632629212e-01 3.258001998883431893e-01 2.603612272483938339e-01
4.187343076776231521e-01 3.152844641189769259e-01 2.659812282033999220e-01
4.188686738473585414e-01 3.210234999503762121e-01 2.601078262022651910e-01
4.114967601170763656e-01 2.797437703617475235e-01 3.087594695211761109e-01
4.032163831008753752e-01 3.498991570417032126e-01 2.468844598574213567e-01
4.100391381928170098e-01 3.161709126605558584e-01 2.737899491466271318e-01
4.146199399019325216e-01 3.054563704949869729e-01 2.799236896030803945e-01
4.150209810310082070e-01 3.113943098302259793e-01 2.735847091387658692e-01
4.169047146843121721e-01 2.895437769532012706e-01 2.935515083624864463e-01
4.074732054199568521e-01 3.591136291287242432e-01 2.334131654513187937e-01
4.150022262893302560e-01 3.255160085258411717e-01 2.594817651848286277e-01
4.196839159597542945e-01 3.145536189492521006e-01 2.657624650909937714e-01
4.200718970256598905e-01 3.205673339694029567e-01 2.593607690049372083e-01
4.211425015860223997e-01 2.933996884428025642e-01 2.854578099711750361e-01
4.114499182754630668e-01 3.631816749715645609e-01 2.253684067529723722e-01
4.160375900372175750e-01 3.329259658065923944e-01 2.510364441561900306e-01
4.208521307881490925e-01 3.226150751806959871e-01 2.565327940311550314e-01
4.201495966102324342e-01 3.295838258252540287e-01 2.502665775645134816e-01
4.159966653613369481e-01 2.905013740398870170e-01 2.935019605987760349e-01
4.072335103551452118e-01 3.599049501413651431e-01 2.328615395034895619e-01
4.109864390508256027e-01 3.292596772342559208e-01 2.597538837149184765e-01
4.153785976767716548e-01 3.187307186214926036e-01 2.658906837017355751e-01
4.148205815705162669e-01 3.253895654000442117e-01 2.597898530294394659e-01
4.115283588149208360e-01 2.789770968007690977e-01 3.094945443843100663e-01
4.035112275733329645e-01 3.495953545318594702e-01 2.468934178948075653e-01
4.072791631343528063e-01 3.191227415337286044e-01 2.735980953319185893e-01
4.115532023540065532e-01 3.081893112582473893e-01 2.802574863877459466e-01
4.110801458193306113e-01 3.153157786928605932e-01 2.736040754878087955e-01
4.163097169486429383e-01 2.895251589094776645e-01 2.941651241418793972e-01
4.072432690446997627e-01 3.592948520799955636e-01 2.334618788753046459e-01
4.115929901396012669e-01 3.291044019988150215e-01 2.593026078615838781e-01
4.158173416797398270e-01 3.181212914842315165e-01 2.660613668360287121e-01
4.155840778977191730e-01 3.249833846503105694e-01 2.594325374519703131e-01
4.248602199303303517e-01 2.738517461144298060e-01 3.012880339552398423e-01
4.111088467291500459e-01 3.483919672364750308e-01 2.404991860343750343e-01
4.180785489154044132e-01 3.154535233446501552e-01 2.664679277399453761e-01
4.224405470141557872e-01 3.056139935320199008e-01 2.719454594538242564e-01
4.210810803779102551e-01 3.132327029393404128e-01 2.656862166827492211e-01
4.193528284086961988e-01 2.707481451828595009e-01 3.098990264084443003e-01
4.065023025557080727e-01 3.448055303113214953e-01 2.486921671329704042e-01
4.125790683210860954e-01 3.115974623115024822e-01 2.758234693674114779e-01
4.166956508479077725e-01 3.015721772706609904e-01 2.817321718814311815e-01
4.152736423274272504e-01 3.090497949395690225e-01 2.756765627330037827e-01
4.136440375718344331e-01 2.602598823820005403e-01 3.260960800461649711e-01
4.016241703275294506e-01 3.350345580636448495e-01 2.633412716088257000e-01
4.077372412773592747e-01 3.021215500376986385e-01 2.901412086849420313e-01
4.115190273481417749e-01 2.918787281630143005e-01 2.966022444888438692e-01
4.103927159171921746e-01 2.996674688009846599e-01 2.899398152818231655e-01
4.190368778307319575e-01 2.703823671349055990e-01 3.105807550343624435e-01
4.059825432798266909e-01 3.446273415063074719e-01 2.493901152138657540e-01
4.126655700620046607e-01 3.118856586340306714e-01 2.754487713039646679e-01
4.165629574677362501e-01 3.015318129966250704e-01 2.819052295356386240e-01
4.153530918034507025e-01 3.092578479934210423e-01 2.753890602031281443e-01
4.194168567526183611e-01 2.799637788631497703e-01 3.006193643842319796e-01
4.027834779459426584e-01 3.569377650403151025e-01 2.402787570137422113e-01
4.093761135530396555e-01 3.247506435187064722e-01 2.658732429282538168e-01
4.137487104641028868e-01 3.150996457023729769e-01 2.711516438335241364e-01
4.118904401346745736e-01 3.232585190476983117e-01 2.648510408176271702e-01
4.148547235522137555e-01 2.762383200072963119e-01 3.089069564404899881e-01
3.990856447914708505e-01 3.529545213983985574e-01 2.479598338101306476e-01
4.049880252607321318e-01 3.203625251707537536e-01 2.746494495685140036e-01
4.089679896738988574e-01 3.104964222471198743e-01 2.805355880789812684e-01
4.070877929674079909e-01 3.185221230464680420e-01 2.743900839861238561e-01
4.091179584532447233e-01 2.657413737214885940e-01 3.251406678252666271e-01
3.942260747639326768e-01 3.430974299816902939e-01 2.626764952543771403e-01
4.001449500120677905e-01 3.107862107567796461e-01 2.890688392311525634e-01
4.038055401001265921e-01 3.007333503243571071e-01 2.954611095755163563e-01
4.022159068094418033e-01 3.090593539960840297e-01 2.887247391944740560e-01
4.139938536284702986e-01 2.763209991070859628e-01 3.096851472644437941e-01
3.980062961406515276e-01 3.531105621116027993e-01 2.488831417477456176e-01
4.044769223883861176e-01 3.210445470721367545e-01 2.744785305394769614e-01
4.082724372802415957e-01 3.108520719984541048e-01 2.808754907213042995e-01
4.066329312816804875e-01 3.191178082064914934e-01 2.742492605118280746e-01
4.150834034830361841e-01 2.939882309905005875e-01 2.909283655264631729e-01
4.019693953353393190e-01 3.688053302954187873e-01 2.292252743692418937e-01
4.098905825190274355e-01 3.338079450522962177e-01 2.563014724286763468e-01
4.137781422564714151e-01 3.248033898168324329e-01 2.614184679266962075e-01
4.135459609660046554e-01 3.310633011907021528e-01 2.553907378432931363e-01
4.088803114621071821e-01 2.915342438379767698e-01 2.995854446999161591e-01
3.966584616780245987e-01 3.656080774388695831e-01 2.377334608831057905e-01
4.041251700538883718e-01 3.304666814460148760e-01 2.654081485000967522e-01
4.074284492235545341e-01 3.212033928594461019e-01 2.713681579169993641e-01
4.071093491874868686e-01 3.273757538824187963e-01 2.655148969300942796e-01
4.042799667705314071e-01 2.803019510428829686e-01 3.154180821865856799e-01
3.929480499450920816e-01 3.554246447512846574e-01 2.516273053036233165e-01
4.001211889605696959e-01 3.205112218236079724e-01 2.793675892158222762e-01
4.032928860521471370e-01 3.109878864440648871e-01 2.857192275037879203e-01
4.032014569493728162e-01 3.175704439356003550e-01 2.792280991150267733e-01
4.094220395755455155e-01 2.903972511565165449e-01 3.001807092679379396e-01
3.969364170560461536e-01 3.649202066737247674e-01 2.381433762702290791e-01
4.047810308214365160e-01 3.301863813716638396e-01 2.650325878068997554e-01
4.080976497390843005e-01 3.205507128063371791e-01 2.713516374545785204e-01
4.081362599857535356e-01 3.269476574586861473e-01 2.649160825555603171e-01
4.128678059449431559e-01 2.996859761940736666e-01 2.874462178609831775e-01
4.010938178220190276e-01 3.729726688467604467e-01 2.259335133312205535e-01
4.082996890501633391e-01 3.386533539241837198e-01 2.530469570256530520e-01
4.130074909948856510e-01 3.285165906756511434e-01 2.584759183294633167e-01
4.127521534056310948e-01 3.348304398740777343e-01 2.524174067202912819e-01
4.063337450301030551e-01 2.973114098835746288e-01 2.963548450863224271e-01
3.958664976839670890e-01 3.697522815410439478e-01 2.343812207749889076e-01
4.020446541676834240e-01 3.353686888738540706e-01 2.625866569584624499e-01
4.065075111005595487e-01 3.249704521006351321e-01 2.685220367988053192e-01
4.061511381587778469e-01 3.311517701469032793e-01 2.626970916943188739e-01
4.018846464410815167e-01 2.859796783381621244e-01 3.121356752207563034e-01
3.919988630187740131e-01 3.595163611748949939e-01 2.484847758063310763e-01
3.984057547553118694e-01 3.253583618375008313e-01 2.762358834071874103e-01
4.024342144167928903e-01 3.147136823377680304e-01 2.828521032454390793e-01
4.023956374468154462e-01 3.212675734935570016e-01 2.763367890596276633e-01
4.071975383256187242e-01 2.959340400915820291e-01 2.968684215827993023e-01
3.964154117818765588e-01 3.689254810172594157e-01 2.346591072008640810e-01
4.030795625241964664e-01 3.349297223289964820e-01 2.619907151468071627e-01
4.074679313739597575e-01 3.241183418977385267e-01 2.684137267283017714e-01
4.072978196527241579e-01 3.305905733604778685e-01 2.621116069867979181e-01
4.410213943442020668e-01 2.770418589562071987e-01 2.819367466995907900e-01
4.315028295556259108e-01 3.466159091857566876e-01 2.218812612586174016e-01
4.332987142956272741e-01 3.190418905620464596e-01 2.476593951423262940e-01
4.385036629897911542e-01 3.085103758854375045e-01 2.529859611247712858e-01
4.384124387690441771e-01 3.147976742227417968e-01 2.467898870082141649e-01
4.361664040188820701e-01 2.734653675512665472e-01 2.903682284298513272e-01
4.276212967388506314e-01 3.427586778701657289e-01 2.296200253909835842e-01
4.284694702777552822e-01 3.147087935256734359e-01 2.568217361965712264e-01
4.333710289589465248e-01 3.039180088541784119e-01 2.627109621868750633e-01
4.330363295338087726e-01 3.103364212330192995e-01 2.566272492331719834e-01
4.309595426779346261e-01 2.632038266240884217e-01 3.058366306979770077e-01
4.232454979763174419e-01 3.336632922612464136e-01 2.430912097624362278e-01
4.241567232610292670e-01 3.057411208822779503e-01 2.701021558566928382e-01
4.287268715183320533e-01 2.947254557309703094e-01 2.765476727506976373e-01
4.286852726412248571e-01 3.014706766229804380e-01 2.698440507357947049e-01
4.360125643225772896e-01 2.734416321152066676e-01 2.905458035622159874e-01
4.270232029327255541e-01 3.430182592047645862e-01 2.299585378625098320e-01
4.286914177829913020e-01 3.154428977091409125e-01 2.558656845078677855e-01
4.335408931913974362e-01 3.042358246744872874e-01 2.622232821341153874e-01
4.332508560279551002e-01 3.110176076196967676e-01 2.557315363523480212e-01
4.447710641601619885e-01 2.587404772661225372e-01 2.964884585737154743e-01
4.313555991132884682e-01 3.328161865412757048e-01 2.358282143454358826e-01
4.354162250472420892e-01 3.026271591671758632e-01 2.619566157855821587e-01
4.401235116372029799e-01 2.925965675738626537e-01 2.672799207889344220e-01
4.392826339563843385e-01 2.997614426564627066e-01 2.609559233871528994e-01
4.395823929812049391e-01 2.550138197449812183e-01 3.054037872738138981e-01
4.270912831829492551e-01 3.287716231053806060e-01 2.441370937116701667e-01
4.301515252608285045e-01 2.981631914632629221e-01 2.716852832759085734e-01
4.346450234141913671e-01 2.879502590675152018e-01 2.774047175182933755e-01
4.337099701515421124e-01 2.949942409928555942e-01 2.712957888556022934e-01
4.331078463370610643e-01 2.457835882266012351e-01 3.211085654363377007e-01
4.215762724463300581e-01 3.201264154952311869e-01 2.582973120584386995e-01
4.246596578912629760e-01 2.898441040529869395e-01 2.854962380557500845e-01
4.288253008102254626e-01 2.794297178178073993e-01 2.917449813719671381e-01
4.282076386352275388e-01 2.867622611761649898e-01 2.850301001886074714e-01
4.387464655936400004e-01 2.555688651536778822e-01 3.056846692526820064e-01
4.262701255480482732e-01 3.294216301948898473e-01 2.443082442570618240e-01
4.298108095492294556e-01 2.993152241837348515e-01 2.708739662670357484e-01
4.340359830009179465e-01 2.888000662381353667e-01 2.771639507609467423e-01
4.333381558217703211e-01 2.960714115504241573e-01 2.705904326278055216e-01
4.393631603309913203e-01 2.652119277934739117e-01 2.954249118755348236e-01
4.236307296541025891e-01 3.415105605856040838e-01 2.348587097602933549e-01
4.267901560971981700e-01 3.121232699776773090e-01 2.610865739251245765e-01
4.315590685285052852e-01 3.024416136999236171e-01 2.659993177715710422e-01
4.301629462866619069e-01 3.101505184164386475e-01 2.596865352968995011e-01
4.351330978873305111e-01 2.608433336375498013e-01 3.040235684751197431e-01
4.200960219847311161e-01 3.369627659220674198e-01 2.429412120932014363e-01
4.227743357188171736e-01 3.071929674391467024e-01 2.700326968420360130e-01
4.270327819543962011e-01 2.971881252713030608e-01 2.757790927743006826e-01
4.256907262595765462e-01 3.047343949460818990e-01 2.695748787943414992e-01
4.285790735319718325e-01 2.516589793377018158e-01 3.197619471303263516e-01
4.145192710679329595e-01 3.283044364944742166e-01 2.571762924375928239e-01
4.171913234111068736e-01 2.988477702551767257e-01 2.839609063337164008e-01
4.211736797168312285e-01 2.886492054607332491e-01 2.901771148224355223e-01
4.201334346486743088e-01 2.964791950308155455e-01 2.833873703205100902e-01
4.337415593525044133e-01 2.618534742682462890e-01 3.044049663792491867e-01
4.186369836188398308e-01 3.379432830736716076e-01 2.434197333074883951e-01
4.217309708895035647e-01 3.087076381220971166e-01 2.695613909883992076e-01
4.258208868333257513e-01 2.984260552939445033e-01 2.757530578727296899e-01
4.247612223137992027e-01 3.061804195480712920e-01 2.690583581381295608e-01
4.354482282858205267e-01 2.773441071318956119e-01 2.872076645822838059e-01
4.221840927613323968e-01 3.521085817288350239e-01 2.257073255098324960e-01
4.274717586732250663e-01 3.196685197864423955e-01 2.528597215403325382e-01
4.316657405210610476e-01 3.106031388866244414e-01 2.577311205923145665e-01
4.319934509914644116e-01 3.163075901381578459e-01 2.516989588703776870e-01
4.295078248122042308e-01 2.742808748966121257e-01 2.962113002911836435e-01
4.172433989506837415e-01 3.484749039939937787e-01 2.342816970553223965e-01
4.217179025791137903e-01 3.157572526958972170e-01 2.625248447249889372e-01
4.256216836387485269e-01 3.062875254471616460e-01 2.680907909140898826e-01
4.258173007229255624e-01 3.119786375496921838e-01 2.622040617273823093e-01
4.241862480014822467e-01 2.642628244998401765e-01 3.115509274986775212e-01
4.127370208237848281e-01 3.394713711395467293e-01 2.477916080366684148e-01
4.172993986989453896e-01 3.069401118321842814e-01 2.757604894688703290e-01
4.208880094397228766e-01 2.972087883107523143e-01 2.819032022495247536e-01
4.213319468342419660e-01 3.032780972562771349e-01 2.753899559094807881e-01
4.295478789683030985e-01 2.740906700795039952e-01 2.963614509521929619e-01
4.171148307398738764e-01 3.486105678952411413e-01 2.342746013648849823e-01
4.221511935675564264e-01 3.163734686502311932e-01 2.614753377822124913e-01
4.258271203270914684e-01 3.065192479359659661e-01 2.676536317369425100e-01
4.262612748971312260e-01 3.125080989306034951e-01 2.612306261722652789e-01
4.327344997076756350e-01 2.830262058429227068e-01 2.842392944494017692e-01
4.208386688934678821e-01 3.563235263261680941e-01 2.228378047803640238e-01
4.254880849983290747e-01 3.245201715558534428e-01 2.499917434458174270e-01
4.306759381250979124e-01 3.141710253093487060e-01 2.551530365655533816e-01
4.309034548787397667e-01 3.200217614932260868e-01 2.490747836280342575e-01
4.266158816675117982e-01 2.800709019821360224e-01 2.933132163503521794e-01
4.156869999666466531e-01 3.527316080853090119e-01 2.315813919480443905e-01
4.194810966792800744e-01 3.206806861578511136e-01 2.598382171628688120e-01
4.243356220071083929e-01 3.100327530575932022e-01 2.656316249352985159e-01
4.244908166033410923e-01 3.157868636201039969e-01 2.597223197765549663e-01
4.214906444407641728e-01 2.699039287673411502e-01 3.086054267918946215e-01
4.114678329302303705e-01 3.435775441957816256e-01 2.449546228739879761e-01
4.152789598359626910e-01 3.117449118914029649e-01 2.729761282726343441e-01
4.198063536310738808e-01 3.008278861184695008e-01 2.793657602504565629e-01
4.201094784542593330e-01 3.070593712987382262e-01 2.728311502470024963e-01
4.270237940964505263e-01 2.795839264641269417e-01 2.933922794394225320e-01
4.158985237622737086e-01 3.526719786711874360e-01 2.314294975665389109e-01
4.201885793382156842e-01 3.210763534295110744e-01 2.587350672322732414e-01
4.249275339447677879e-01 3.100405721556564465e-01 2.650318938995757656e-01
4.252990674990512754e-01 3.161025873473285452e-01 2.585983451536202349e-01
