EM1 EM2 EM3
1.921458282535297435e-01 4.011160640349897277e-01 4.067381077114806676e-01
2.003345955950772417e-01 4.132323241181068973e-01 3.864330802868158332e-01
2.064582930869406641e-01 4.015212300826797032e-01 3.920204768303797160e-01
1.956357964832270424e-01 3.869014660747931988e-01 4.174627374419798143e-01
2.023603390053364814e-01 3.845362043718837386e-01 4.131034566227798632e-01
1.877047094936049043e-01 3.929148517115788053e-01 4.193804387948162904e-01
1.954304384424792040e-01 4.042130786624877903e-01 4.003564828950330612e-01
2.017267010041123021e-01 3.929070670848486269e-01 4.053662319110390433e-01
1.906773172088611912e-01 3.782929206252175214e-01 4.310297621659212042e-01
1.974910960891481382e-01 3.762025584199923389e-01 4.263063454908594951e-01
1.861318405023351663e-01 3.768957483011629028e-01 4.369724111965018754e-01
1.936695432425485364e-01 3.894337428086745434e-01 4.168967139487768647e-01
1.999519650055433806e-01 3.779489305926289067e-01 4.220991044018277960e-01
1.889687648407995246e-01 3.625459876753480137e-01 4.484852474838524894e-01
1.956182728575025787e-01 3.605502410005371750e-01 4.438314861419601631e-01
1.876995877960445092e-01 3.950654469185068129e-01 4.172349652854486224e-01
1.957555855035145176e-01 4.071511930535099411e-01 3.970932214429755414e-01
2.019508198265943244e-01 3.955303404827292257e-01 4.025188396906764221e-01
1.910109548655229972e-01 3.809903968852143552e-01 4.279986482492626476e-01
1.976964301191123652e-01 3.785780094003201590e-01 4.237255604805674758e-01
1.874837263584737124e-01 3.773777461592111582e-01 4.351385274823152405e-01
1.899378665644258224e-01 3.968488248806114060e-01 4.132133085549627438e-01
1.980111072177715148e-01 3.831073500066725646e-01 4.188815427755558929e-01
1.876187716082768075e-01 3.673483339382775381e-01 4.450328944534456266e-01
1.954227182280170727e-01 3.646096779970270374e-01 4.399676037749558621e-01
1.828187892498017442e-01 3.689244714241445289e-01 4.482567393260537547e-01
1.850209124691665208e-01 3.875074474957908577e-01 4.274716400350426215e-01
1.931441518138291014e-01 3.742365079325633004e-01 4.326193402536076538e-01
1.825458056325010014e-01 3.584672289631887221e-01 4.589869654043102765e-01
1.904256715386604681e-01 3.560279054612263683e-01 4.535464230001131636e-01
1.801802445824975951e-01 3.538369819227659696e-01 4.659827734947363242e-01
1.824374533829858092e-01 3.734732232498262361e-01 4.440893233671878715e-01
1.904113975314260243e-01 3.600449641234717557e-01 4.495436383451022477e-01
1.798687085228049543e-01 3.437329650501798617e-01 4.763983264270151285e-01
1.875645469363425577e-01 3.413747157473571714e-01 4.710607373163002154e-01
1.820578125536954639e-01 3.717260542668307521e-01 4.462161331794736729e-01
1.845628353004566402e-01 3.910194831284474759e-01 4.244176815710958839e-01
1.926008549114334445e-01 3.774185179353163333e-01 4.299806271532501389e-01
1.820900820316094515e-01 3.617832952326964224e-01 4.561266227356941538e-01
1.898422244358869693e-01 3.590388660856997927e-01 4.511189094784132658e-01
1.825830198378013136e-01 3.865363774279401143e-01 4.308806027342585998e-01
1.829746865825528368e-01 4.082728538098453486e-01 4.087524596076018701e-01
1.913603054175842255e-01 3.940975571094234020e-01 4.145421374729923447e-01
1.809737506590180234e-01 3.786875845647512118e-01 4.403386647762307926e-01
1.902125310816037973e-01 3.740098394221544886e-01 4.357776294962417141e-01
1.792032400791325475e-01 3.772579029562398434e-01 4.435388569646275814e-01
1.793547684606198456e-01 3.981650017960245425e-01 4.224802297433555287e-01
1.878047043023152729e-01 3.844310635000793286e-01 4.277642321976053985e-01
1.772670914599593084e-01 3.688980618435858672e-01 4.538348466964548522e-01
1.864908926493116514e-01 3.645962085717344703e-01 4.489128987789539615e-01
1.763657066197683310e-01 3.623067164118201622e-01 4.613275769684115901e-01
1.766073333038268023e-01 3.841551626934640029e-01 4.392375040027092226e-01
1.848775496129645701e-01 3.703082746855637652e-01 4.448141757014715814e-01
1.743884989452172962e-01 3.541875144845751944e-01 4.714239865702074539e-01
1.834116224990248178e-01 3.500684704659315916e-01 4.665199070350435351e-01
1.776891058567831583e-01 3.806502884535719611e-01 4.416606056896448806e-01
1.781141638550895745e-01 4.021695124310672442e-01 4.197163237138430425e-01
1.864876809610951647e-01 3.881789650422904359e-01 4.253333539966144272e-01
1.760131207153216026e-01 3.728349790034823918e-01 4.511519002811960055e-01
1.851211707674136064e-01 3.682300030022057635e-01 4.466488262303806578e-01
1.833507469088231090e-01 3.968910880637413485e-01 4.197581650274356257e-01
1.900122267901586948e-01 4.114407750950186959e-01 3.985469981148224705e-01
1.969018591941807950e-01 3.988263885306051471e-01 4.042717522752141135e-01
1.855081088716483417e-01 3.843555003878872389e-01 4.301363907404643361e-01
1.922622923793808059e-01 3.824292102501067880e-01 4.253084973705123506e-01
1.776050838703682466e-01 3.892846125298130566e-01 4.331103035998187245e-01
1.839801746363532442e-01 4.029019682648088407e-01 4.131178570988379151e-01
1.909418667554600990e-01 3.907801153987189857e-01 4.182780178458209153e-01
1.793259862710680497e-01 3.763688100912933598e-01 4.443052036376387015e-01
1.861748901815882817e-01 3.747195392262155367e-01 4.391055705921961816e-01
1.761655958407382927e-01 3.734481041322194050e-01 4.503863000270423300e-01
1.824442812339248376e-01 3.882332322899045840e-01 4.293224864761706061e-01
1.892652530464462857e-01 3.759224891929249246e-01 4.348122577606287620e-01
1.777535380543150689e-01 3.607412953301994962e-01 4.615051666154854071e-01
1.844686543435933856e-01 3.591913279586337326e-01 4.563400176977728817e-01
1.779945264666126237e-01 3.912186866576202737e-01 4.307867868757671026e-01
1.846672839929693888e-01 4.056086044481993502e-01 4.097241115588312055e-01
1.915684250505962638e-01 3.931832954120083046e-01 4.152482795373955149e-01
1.800144991109315640e-01 3.788239606409719573e-01 4.411615402480963954e-01
1.867337448281806145e-01 3.768537825655287055e-01 4.364124726062906801e-01
1.825156014087132295e-01 4.016051040399286065e-01 4.158792945513581918e-01
1.918511440303270477e-01 4.127699689635059288e-01 3.953788870061671346e-01
1.976003003399227076e-01 4.014859943387491525e-01 4.009137053213280844e-01
1.867535710395749338e-01 3.862971380176930536e-01 4.269492909427320959e-01
1.912236634170668970e-01 3.872388034096085896e-01 4.215375331733245967e-01
1.764206549089118448e-01 3.941958539026473307e-01 4.293834911884408245e-01
1.854349404862083717e-01 4.044491714298715790e-01 4.101158880839200771e-01
1.912943996050771311e-01 3.936263829838327899e-01 4.150792174110901067e-01
1.801805252108644451e-01 3.785669620354603637e-01 4.412525127536751635e-01
1.847893025137157252e-01 3.797340071524965555e-01 4.354766903337876083e-01
1.751781774536405323e-01 3.781593781835194679e-01 4.466624443628399721e-01
1.840373469805817730e-01 3.896536401546792927e-01 4.263090128647388788e-01
1.897480643814557222e-01 3.786377668329547475e-01 4.316141687855896691e-01
1.787539835014355094e-01 3.627727171834295716e-01 4.584732993151348079e-01
1.832820825767705886e-01 3.640008756685311764e-01 4.527170417546983461e-01
1.773168012013937311e-01 3.957184908667348289e-01 4.269647079318714677e-01
1.866287724165713313e-01 4.067744171817397891e-01 4.065968104016889906e-01
1.923452573431392587e-01 3.956581694124324811e-01 4.119965732444282325e-01
1.813853506419237649e-01 3.805956202759856466e-01 4.380190290820906163e-01
1.858506198008603727e-01 3.814483898936667505e-01 4.327009903054728213e-01
1.913539327700050641e-01 4.032149749970916353e-01 4.054310922329034117e-01
1.999577440869109712e-01 4.149509001847113132e-01 3.850913557283777711e-01
2.075987263351117273e-01 4.020363666284180182e-01 3.903649070364701990e-01
1.957661060209625881e-01 3.884179470107350651e-01 4.158159469683023746e-01
2.029305741968263910e-01 3.857337854443311231e-01 4.113356403588425692e-01
1.868679316063896201e-01 3.948957870783025847e-01 4.182362813153078784e-01
1.950876684213368739e-01 4.058206302004254140e-01 3.990917013782377398e-01
2.028408273571649656e-01 3.933364489576633427e-01 4.038227236851716917e-01
1.908166565781414525e-01 3.796951698980017831e-01 4.294881735238567089e-01
1.980693473316736397e-01 3.772929392505593449e-01 4.246377134177671264e-01
1.859916675896378935e-01 3.783061887954787261e-01 4.357021436148832416e-01
1.939278876668903695e-01 3.905841147922694545e-01 4.154879975408402037e-01
2.016726902255454035e-01 3.778946923027577398e-01 4.204326174716968567e-01
1.897649811651652418e-01 3.634517849096390862e-01 4.467832339251956997e-01
1.968805277912450136e-01 3.611155834753366212e-01 4.420038887334183375e-01
1.872845909413693444e-01 3.968404488791015261e-01 4.158749601795289630e-01
1.957647798996210442e-01 4.085401138561213785e-01 3.956951062442575218e-01
2.034203377894948095e-01 3.957272969870325174e-01 4.008523652234725621e-01
1.915185751951716531e-01 3.821589230092289902e-01 4.263225017955992735e-01
1.986484044380990022e-01 3.794242078237964333e-01 4.219273877381046201e-01
1.859886868003802762e-01 3.797408730450120284e-01 4.342704401546076953e-01
1.886781404926404504e-01 3.990437746832891097e-01 4.122780848240705232e-01
1.984565114601635205e-01 3.839832666195344690e-01 4.175602219203020660e-01
1.870300719691814495e-01 3.691979267842364631e-01 4.437720012465821151e-01
1.953581480776373502e-01 3.660981767031671330e-01 4.385436752191955168e-01
1.813555478424279110e-01 3.711482377931645815e-01 4.474962143644073964e-01
1.837531541264871005e-01 3.896123271654272635e-01 4.266345187080858303e-01
1.935852629197263308e-01 3.750283410685172902e-01 4.313863960117563789e-01
1.819734829171564816e-01 3.601943417007744674e-01 4.578321753820691620e-01
1.904412172234951350e-01 3.572803932678523808e-01 4.522783895086524564e-01
1.794582098760244826e-01 3.555394418763922482e-01 4.650023482475831305e-01
1.818570799675520433e-01 3.750172302923590051e-01 4.431256897400889794e-01
1.915238782042856802e-01 3.603292000365881931e-01 4.481469217591261822e-01
1.799956726356762016e-01 3.448831991862173485e-01 4.751211281781064222e-01
1.882290979876269366e-01 3.422273165131796135e-01 4.695435854991934499e-01
1.809763323309067362e-01 3.737344318590997139e-01 4.452892358099935222e-01
1.836873216574774481e-01 3.928781504183531670e-01 4.234345279241693571e-01
1.934146125538539207e-01 3.779844926708205710e-01 4.286008947753255915e-01
1.819087025568146276e-01 3.632853923193869461e-01 4.548059051237984818e-01
1.901872743323841652e-01 3.601778386274930854e-01 4.496348870401228326e-01
1.809248839163468958e-01 3.890008199711395553e-01 4.300742961125135211e-01
1.814636915780238891e-01 4.106233698971404888e-01 4.079129385248355666e-01
1.915485923899246656e-01 3.951146665762182431e-01 4.133367410338570913e-01
1.801312140917275539e-01 3.806916050337458279e-01 4.391771808745266181e-01
1.899063866828239189e-01 3.756380765109981201e-01 4.344555368061779332e-01
1.776070974038223560e-01 3.795518158016920607e-01 4.428410867944855278e-01
1.778946098497797557e-01 4.003753651641730471e-01 4.217300249860471695e-01
1.880484892984088108e-01 3.853235939609584992e-01 4.266279167406326067e-01
1.764880392822888444e-01 3.707618573251021399e-01 4.527501033926090712e-01
1.862971426726806046e-01 3.660360098752639124e-01 4.476668474520554830e-01
1.754701218702333365e-01 3.640747286784796755e-01 4.604551494512870713e-01
1.758004821951004992e-01 3.858618172378598943e-01 4.383377005670395787e-01
1.857573290903542784e-01 3.707132234932587478e-01 4.435294474163869460e-01
1.743228310436910344e-01 3.555049822155916805e-01 4.701721867407173128e-01
1.839280095193101816e-01 3.509548276885494089e-01 4.651171627921404372e-01
1.764454051190251227e-01 3.827558006311962413e-01 4.407987942497785250e-01
1.769999834349164081e-01 4.042008213256968463e-01 4.187991952393867456e-01
1.870888945339792830e-01 3.888764836648875289e-01 4.240346218011332158e-01
1.755941063309770234e-01 3.744953785411663238e-01 4.499105151278566805e-01
1.852896565707276566e-01 3.694529110501206803e-01 4.452574323791516631e-01
1.819715153037071431e-01 3.993423519350410844e-01 4.186861327612518835e-01
1.890178982368269089e-01 4.135853012417507468e-01 3.973968005214223997e-01
1.975191771733239010e-01 3.997005245244077964e-01 4.027802983022682470e-01
1.850699004997111707e-01 3.862393306592784015e-01 4.286907688410103723e-01
1.922764782123731198e-01 3.839917810522660568e-01 4.237317407353609067e-01
1.763202362031415227e-01 3.915888718126752654e-01 4.320908919841833229e-01
1.829488421038120705e-01 4.049758471127205550e-01 4.120753107834672635e-01
1.914914693402623991e-01 3.915903128663488220e-01 4.169182177933887234e-01
1.788460030462130923e-01 3.781566752770409434e-01 4.429973216767459365e-01
1.861621441421275891e-01 3.762167407907798800e-01 4.376211150670925032e-01
1.754798263229200572e-01 3.752744989077248516e-01 4.492456747693551744e-01
1.821022484987478984e-01 3.897843343588440757e-01 4.281134171424080259e-01
1.904590631653017840e-01 3.762409516423679268e-01 4.332999851923304280e-01
1.779906618731844636e-01 3.620135734957526386e-01 4.599957646310630088e-01
1.851748943213476772e-01 3.601107350248027861e-01 4.547143706538494534e-01
1.769808417405850653e-01 3.933369275762118589e-01 4.296822306832031035e-01
1.840136715338532014e-01 4.074490891386683411e-01 4.085372393274784852e-01
1.924543144823352425e-01 3.937387806831981196e-01 4.138069048344667489e-01
1.799447221876174785e-01 3.803672313270431982e-01 4.396880464853394344e-01
1.871257540889840199e-01 3.780929742433600804e-01 4.347812716676558442e-01
1.813296718475568559e-01 4.038719173249336047e-01 4.147984108275094561e-01
1.911635141257061743e-01 4.146283912202346489e-01 3.942080946540591491e-01
1.984725649257466640e-01 4.021543460087335098e-01 3.993730890655197152e-01
1.865640865007961724e-01 3.879515859726998528e-01 4.254843275265040026e-01
1.913897449005824147e-01 3.886493823285347426e-01 4.199608727708828981e-01
1.751902197886930357e-01 3.963711848501053070e-01 4.284385953612016573e-01
1.846960434964969866e-01 4.062473120917547420e-01 4.090566444117482159e-01
1.920125705649063097e-01 3.942725468726523408e-01 4.137148825624414328e-01
1.799330175127525078e-01 3.801341002669786362e-01 4.399328822202688838e-01
1.849220089251739640e-01 3.810577718641540157e-01 4.340202192106720758e-01
1.746583400175045486e-01 3.798378820088789687e-01 4.455037779736165660e-01
1.838900369352947095e-01 3.909237663828284970e-01 4.251861966818767380e-01
1.911136160498169423e-01 3.787795598128628205e-01 4.301068241373203760e-01
1.791968756478864999e-01 3.638423836906941600e-01 4.569607406614193956e-01
1.841021820261522224e-01 3.647977881992814919e-01 4.511000297745663135e-01
1.764873009020571371e-01 3.976605763518295533e-01 4.258521227461132264e-01
1.862528329095129165e-01 4.083603632095424429e-01 4.053868038809447238e-01
1.934732690158750823e-01 3.960328885094638318e-01 4.104938424746611969e-01
1.815533669764912705e-01 3.819154412660007436e-01 4.365311917575079304e-01
1.863959424033845291e-01 3.825152380904776606e-01 4.310888195061378658e-01
1.903775977317285761e-01 4.042188342366280773e-01 4.054035680316433465e-01
2.004690658714414209e-01 4.141363595065167824e-01 3.853945746220418522e-01
2.086606543460087226e-01 4.007515788849402294e-01 3.905877667690511035e-01
1.968748370610566290e-01 3.877726100159585298e-01 4.153525529229848412e-01
2.023661140210518128e-01 3.865557253508022373e-01 4.110781606281458944e-01
1.843709435461391710e-01 3.974132535753484019e-01 4.182158028785123438e-01
1.942664100727204690e-01 4.065132988104968037e-01 3.992202911167828105e-01
2.024737702872854705e-01 3.936674436413830636e-01 4.038587860713313549e-01
1.903962873458941996e-01 3.806491272292903405e-01 4.289545854248154599e-01
1.960050774953566721e-01 3.796252151670564401e-01 4.243697073375869988e-01
1.843084156991017519e-01 3.801142143916340643e-01 4.355773699092642670e-01
1.936671349903276718e-01 3.908377048703832735e-01 4.154951601392888882e-01
2.020493320626023659e-01 3.774581390358842103e-01 4.204925289015135070e-01
1.900838342968381167e-01 3.636807555202101749e-01 4.462354101829515973e-01
1.956679538083403447e-01 3.627606187020196993e-01 4.415714274896398450e-01
1.858194873453307416e-01 3.985126753807019528e-01 4.156678372739674443e-01
1.958737160615425243e-01 4.083413891862370249e-01 3.957848947522205063e-01
2.040935114719058807e-01 3.951043015992148910e-01 4.008021869288793115e-01
1.921239065774661414e-01 3.822240149217581706e-01 4.256520785007756880e-01
1.976296551111222655e-01 3.809306495887584965e-01 4.214396953001193213e-01
1.854941818251089891e-01 3.804614234860880795e-01 4.340443946888029036e-01
1.896019976579707278e-01 3.982255211179764887e-01 4.121724812240527558e-01
1.998832457199059831e-01 3.827319289860180440e-01 4.173848252940760006e-01
1.885398816331816940e-01 3.684838528296506266e-01 4.429762655371676239e-01
1.951412960754025649e-01 3.668511411948411904e-01 4.380075627297562724e-01
1.792821549988465879e-01 3.734601699343546022e-01 4.472576750667988099e-01
1.832062958283462994e-01 3.902930450005737684e-01 4.265006591710798212e-01
1.935305701302099390e-01 3.753763535362500403e-01 4.310930763335400484e-01
1.818725611861761460e-01 3.610743705426051608e-01 4.570530682712186099e-01
1.885551314458580319e-01 3.597362628246089655e-01 4.517086057295330304e-01
1.781485291407853833e-01 3.572377321130352223e-01 4.646137387461795054e-01
1.819411001163602770e-01 3.750716067421679401e-01 4.429872931414718384e-01
1.920551487156783865e-01 3.601265723981988409e-01 4.478182788861226893e-01
1.806418015060335946e-01 3.451111958728288465e-01 4.742470026211375034e-01
1.872677898292767762e-01 3.439164983950812049e-01 4.688157117756420189e-01
1.799848756985495124e-01 3.751597883425681346e-01 4.448553359588824363e-01
1.841550472688079643e-01 3.926580443884745142e-01 4.231869083427174938e-01
1.943875264877540088e-01 3.774140369042697785e-01 4.281984366079761850e-01
1.828867472430849017e-01 3.632736467283475545e-01 4.538396060285674882e-01
1.894451388853402307e-01 3.616189306960878036e-01 4.489359304185720489e-01
1.790858385575490042e-01 3.905226664382719926e-01 4.303914950041789478e-01
1.809200033519648421e-01 4.108045946680449201e-01 4.082754019799901823e-01
1.916906989928441329e-01 3.947928300707730376e-01 4.135164709363827185e-01
1.803871086893056030e-01 3.808524645276397114e-01 4.387604267830546578e-01
1.885040860183357370e-01 3.772026589276500363e-01 4.342932550540142822e-01
1.742507668448542990e-01 3.827137756388789835e-01 4.430354575162667730e-01
1.759837662685223292e-01 4.019304237540533009e-01 4.220858099774243422e-01
1.866747647101549834e-01 3.864935833753402328e-01 4.268316519145046728e-01
1.750831273281319156e-01 3.724319210882490738e-01 4.524849515836189551e-01
1.833055302402457620e-01 3.691087770168707816e-01 4.475856927428833454e-01
1.729666823954018051e-01 3.665552233796409709e-01 4.604780942249572240e-01
1.744778265557694052e-01 3.868133033769672879e-01 4.387088700672633346e-01
1.851157848727732202e-01 3.712425468498221637e-01 4.436416682774046438e-01
1.737181024312076105e-01 3.565785024873429077e-01 4.697033950814494818e-01
1.817824734315906798e-01 3.533273489115199562e-01 4.648901776568893363e-01
1.741188579537074343e-01 3.850040801550155822e-01 4.408770618912768446e-01
1.761017938908410740e-01 4.049115546840488800e-01 4.189866514251099905e-01
1.867174148496478781e-01 3.892071494843462598e-01 4.240754356660058066e-01
1.752131891361870253e-01 3.751858951871758219e-01 4.496009156766372361e-01
1.833422177742177750e-01 3.716016378422615785e-01 4.450561443835207021e-01
1.826502132441407411e-01 3.992243980871622577e-01 4.181253886686969179e-01
1.913584028430814765e-01 4.117682893465980931e-01 3.968733078103203749e-01
2.002005730746306278e-01 3.976551569684084741e-01 4.021442699569608981e-01
1.876907610261852044e-01 3.846078426017396912e-01 4.277013963720751599e-01
1.931904754940212687e-01 3.839579086646108808e-01 4.228516158413678783e-01
1.753912417062031548e-01 3.931609786681153906e-01 4.314477796256814268e-01
1.838569410793408909e-01 4.047101320504928323e-01 4.114329268701662490e-01
1.927274668925213763e-01 3.911317335685786656e-01 4.161407995388999859e-01
1.799459259338523076e-01 3.782651640535729665e-01 4.417889100125747537e-01
1.855682425639939570e-01 3.778030467135877202e-01 4.366287107224183228e-01
1.753289723056956906e-01 3.761483557339029282e-01 4.485226719604015200e-01
1.834559710494876594e-01 3.889428588863139691e-01 4.276011700641983992e-01
1.922518194049143703e-01 3.752586258693343946e-01 4.324895547257513462e-01
1.797075816049037988e-01 3.615902494052544713e-01 4.587021689898418964e-01
1.852583999550341531e-01 3.611502068000032040e-01 4.535913932449625596e-01
1.771810926522981999e-01 3.939492614835747863e-01 4.288696458641270137e-01
1.858959167987946082e-01 4.062934290475857524e-01 4.078106541536196117e-01
1.946812884816422895e-01 3.923974433819346075e-01 4.129212681364231030e-01
1.820578119752880863e-01 3.795134623381944405e-01 4.384287256865175841e-01
1.875665510025693039e-01 3.787532245350438975e-01 4.336802244623867986e-01
1.822687944268035487e-01 4.036974079009010841e-01 4.140337976722953117e-01
1.936976158338154508e-01 4.126692668247627371e-01 3.936331173414218676e-01
2.012545313018094251e-01 3.999900258216271265e-01 3.987554428765634484e-01
1.894522593375988495e-01 3.863139463545235408e-01 4.242337943078775542e-01
1.924395040828942582e-01 3.884435589906717334e-01 4.191169369264339806e-01
1.746293153874769466e-01 3.977119427783643579e-01 4.276587418341587510e-01
1.858674481573403259e-01 4.057742720399158953e-01 4.083582798027436955e-01
1.934508410684781798e-01 3.936482229264706145e-01 4.129009360050512889e-01
1.812474784126510419e-01 3.800455414190209158e-01 4.387069801683280423e-01
1.845124842165899726e-01 3.824889860974506894e-01 4.329985296859594213e-01
1.746880937787952115e-01 3.805278072125131139e-01 4.447840990086917579e-01
1.855374581168195425e-01 3.899188848937252816e-01 4.245436569894551759e-01
1.930498106408447545e-01 3.776878976023427814e-01 4.292622917568124086e-01
1.811216831281946271e-01 3.632525347725932274e-01 4.556257820992121732e-01
1.843837408828442048e-01 3.656887810743129075e-01 4.499274780428429432e-01
1.769558134748742684e-01 3.981566843738703620e-01 4.248875021512555361e-01
1.884011232569313410e-01 4.069830411215815125e-01 4.046158356214871188e-01
1.958836084502134645e-01 3.945388683512034977e-01 4.095775231985829268e-01
1.838471283893247377e-01 3.808325564912690142e-01 4.353203151194062759e-01
1.869881120707782007e-01 3.830159370470793689e-01 4.299959508821424858e-01
1.808301075104742917e-01 4.112897100368670955e-01 4.078801824526586683e-01
1.955576271204260141e-01 4.172089369203150211e-01 3.872334359592590203e-01
2.014344220438288868e-01 4.057514526279401568e-01 3.928141253282309564e-01
1.890278504297068785e-01 3.929436752033084179e-01 4.180284743669847591e-01
1.941953347184485479e-01 3.923241622939671602e-01 4.134805029875842641e-01
1.752704665632034975e-01 4.041743132416217854e-01 4.205552201951746061e-01
1.894847838733113576e-01 4.094534038638636408e-01 4.010618122628249460e-01
1.955659303851262909e-01 3.983237697590795157e-01 4.061102998557941102e-01
1.829151550382251690e-01 3.855880729493293413e-01 4.314967720124455730e-01
1.882048733785247618e-01 3.851561701478436461e-01 4.266389564736317586e-01
1.753207995539022013e-01 3.865368654513717250e-01 4.381423349947261014e-01
1.891528146070606820e-01 3.932002489394341715e-01 4.176469364535051465e-01
1.952130265772445417e-01 3.818546869718963399e-01 4.229322864508590074e-01
1.827816057814605766e-01 3.682730073508085900e-01 4.489453868677308890e-01
1.880093746034686986e-01 3.678674106442390568e-01 4.441232147522922724e-01
1.767595693539314172e-01 4.050233869850913271e-01 4.182170436609772279e-01
1.912480551789177141e-01 4.110618611680095236e-01 3.976900836530727901e-01
1.972661309494058990e-01 3.996258974861908175e-01 4.031079715644034223e-01
1.847578434102894462e-01 3.868892547484936162e-01 4.283529018412169931e-01
1.899270482753049882e-01 3.861551567040032995e-01 4.239177950206916012e-01
1.745191834827050092e-01 3.882021300666881891e-01 4.372786864506066906e-01
1.837472078106306972e-01 4.016741729775996084e-01 4.145786192117696944e-01
1.917729023263041455e-01 3.879569399840579469e-01 4.202701576896379909e-01
1.797826579313852036e-01 3.740132155021101412e-01 4.462041265665046552e-01
1.860113451312670196e-01 3.728166756474192711e-01 4.411719792213136815e-01
1.686489991394163335e-01 3.807294783284905781e-01 4.506215225320931439e-01
1.775903110711568311e-01 3.934880680531783748e-01 4.289216208756646553e-01
1.856645151228934754e-01 3.802259727861056482e-01 4.341095120910007932e-01
1.734211935212016387e-01 3.662591171112847821e-01 4.603196893675136625e-01
1.797347564171744849e-01 3.653731190384130745e-01 4.548921245444124128e-01
1.678607512764900833e-01 3.639812226687527685e-01 4.681580260547570926e-01
1.765831779574347504e-01 3.778894397341109324e-01 4.455273823084542340e-01
1.845083338851207788e-01 3.645958107055262132e-01 4.508958554093528970e-01
1.724646113482569409e-01 3.498738107922015894e-01 4.776615778595414974e-01
1.786664407391260478e-01 3.490884630565694313e-01 4.722450962043045486e-01
1.695765130138604249e-01 3.822286825579701564e-01 4.481948044281693910e-01
1.787496317411117752e-01 3.956168125905527022e-01 4.256335556683356058e-01
1.867374200016563568e-01 3.820779500198139833e-01 4.311846299785296321e-01
1.746619123896432368e-01 3.682225869265794982e-01 4.571155006837773760e-01
1.808569031221089474e-01 3.670107901259611061e-01 4.521323067519299466e-01
1.685481180545547741e-01 3.982212838787139164e-01 4.332305980667311984e-01
1.755325058894792734e-01 4.140369409052493399e-01 4.104305532052713867e-01
1.839570736738102563e-01 3.997756805673414737e-01 4.162672457588483255e-01
1.720674363848078425e-01 3.861956258966414701e-01 4.417369377185507706e-01
1.796352090777557919e-01 3.831535513880984789e-01 4.372112395341457569e-01
1.640023955470819028e-01 3.899241961443546955e-01 4.460734083085633461e-01
1.707413373373093957e-01 4.050078196696438870e-01 4.242508429930466618e-01
1.792561962380681551e-01 3.912007183861896942e-01 4.295430853757422063e-01
1.670634891349606355e-01 3.775156174374648677e-01 4.554208934275744691e-01
1.748317169254609282e-01 3.746843496012076113e-01 4.504839334733313772e-01
1.630283763304026523e-01 3.732490514243173574e-01 4.637225722452800181e-01
1.695811309126583621e-01 3.894739336188068890e-01 4.409449354685347489e-01
1.779409157619301352e-01 3.755565015161095865e-01 4.465025827219601950e-01
1.659692674262957246e-01 3.611519554008471022e-01 4.728787771728572009e-01
1.736009112318272762e-01 3.584426802648319477e-01 4.679564085033408039e-01
1.641172507073808129e-01 3.920520591322996795e-01 4.438306901603195076e-01
1.710733482613273904e-01 4.077448368273861590e-01 4.211818149112864229e-01
1.794770973614843446e-01 3.936535251289298709e-01 4.268693775095858678e-01
1.674625074122324253e-01 3.801453628530430118e-01 4.523921297347245352e-01
1.751234047457231879e-01 3.769992096978225238e-01 4.478773855564541773e-01
1.719204961978763602e-01 4.071629781877116883e-01 4.209165256144119516e-01
1.852247885919898474e-01 4.156007474241209532e-01 3.991744639838892827e-01
1.919138808576137667e-01 4.031437774948903874e-01 4.049423416474957627e-01
1.789395802705004146e-01 3.905520556480002736e-01 4.305083640814993395e-01
1.840491586367030419e-01 3.903353098511104791e-01 4.256155315121864513e-01
1.649670218919800924e-01 4.006216738869508576e-01 4.344113042210691056e-01
1.779949586361795344e-01 4.082710723445842627e-01 4.137339690192363140e-01
1.847562561053836261e-01 3.963027172123734787e-01 4.189410266822428119e-01
1.714872376145127331e-01 3.837383080495692100e-01 4.447744543359180569e-01
1.767490102185595990e-01 3.837579598161484640e-01 4.394930299652920480e-01
1.651358938934558984e-01 3.831496628913201308e-01 4.517144432152239153e-01
1.778966822004771076e-01 3.921363323308980076e-01 4.299669854686248849e-01
1.845303463133274036e-01 3.799844054913188995e-01 4.354852481953537802e-01
1.714428141860999399e-01 3.665559618368003925e-01 4.620012239770996954e-01
1.767118250682150893e-01 3.665912377887394213e-01 4.566969371430454894e-01
1.669667734126704384e-01 4.012418059955052407e-01 4.317914205918243487e-01
1.802103380500453267e-01 4.096252246232132133e-01 4.101644373267414601e-01
1.868849869936146380e-01 3.973470573782523219e-01 4.157679556281329569e-01
1.738076692339309559e-01 3.848227379957166461e-01 4.413695927703524258e-01
1.789323773208209289e-01 3.845169453376729440e-01 4.365506773415061548e-01
1.720033799744829783e-01 4.110545491069744206e-01 4.169420709185426288e-01
1.877540433029563083e-01 4.163714831616085466e-01 3.958744735354352007e-01
1.933754866298720287e-01 4.051109532313195150e-01 4.015135601388084008e-01
1.809862555945102036e-01 3.917920602889511938e-01 4.272216841165386025e-01
1.837890409322851804e-01 3.944796805877968104e-01 4.217312784799179814e-01
1.647490887597347353e-01 4.046894531305516574e-01 4.305614581097135796e-01
1.803076514453751389e-01 4.090687051376641903e-01 4.106236434169606153e-01
1.858746296976064027e-01 3.984893676328797874e-01 4.156360026695136711e-01
1.731824112822344663e-01 3.852030392094666356e-01 4.416145495082988148e-01
1.761815540300585292e-01 3.880709926724459358e-01 4.357474532974955350e-01
1.649936111313489717e-01 3.870812110572438569e-01 4.479251778114070603e-01
1.803373845235147210e-01 3.928124121018836679e-01 4.268502033746017221e-01
1.857150164211557319e-01 3.820841534061103495e-01 4.322008301727339186e-01
1.731520422005330961e-01 3.679199387585647685e-01 4.589280190409021354e-01
1.762407909641737769e-01 3.707812165305020558e-01 4.529779925053242229e-01
1.672037543628577538e-01 4.049285923227464723e-01 4.278676533143958016e-01
1.829844834648005625e-01 4.100706679788109765e-01 4.069448485563883500e-01
1.884518687180404273e-01 3.991800548228761070e-01 4.123680764590834658e-01
1.759736376224974030e-01 3.858934462801181797e-01 4.381329160973845283e-01
1.788202583507136068e-01 3.884491553671313158e-01 4.327305862821550497e-01
1.966113910029119449e-01 3.969546161387945693e-01 4.064339928582935690e-01
2.032508113808638717e-01 4.105656108248109115e-01 3.861835777943252168e-01
2.120377572606018668e-01 3.965132591746883262e-01 3.914489835647098626e-01
2.008551372699547699e-01 3.824157902760193517e-01 4.167290724540259061e-01
2.081109834730653085e-01 3.797953430283981247e-01 4.120936734985365946e-01
1.916858413090112290e-01 3.891281695266766150e-01 4.191859891643122116e-01
1.980044151776385042e-01 4.017943970782971719e-01 4.002011877440644350e-01
2.068784172550824918e-01 3.882325317521903019e-01 4.048890509927270398e-01
1.954627558495520834e-01 3.741900304466034832e-01 4.303472137038444334e-01
2.028188611761831406e-01 3.718206279935049596e-01 4.253605108303117888e-01
1.905921016923054767e-01 3.727775781976125913e-01 4.366303201100819043e-01
1.966938385310615101e-01 3.867424601141170037e-01 4.165637013548214029e-01
2.055394434692067729e-01 3.729654136116705709e-01 4.214951429191224896e-01
1.941603913681726190e-01 3.581239626318581393e-01 4.477156459999692695e-01
2.014907707761071642e-01 3.558361224521895405e-01 4.426731067717034063e-01
1.922972812166409973e-01 3.909756427584407112e-01 4.167270760249184303e-01
1.988702831681239680e-01 4.044755283838067372e-01 3.966541884480691560e-01
2.076700812746121172e-01 3.905773415727089026e-01 4.017525771526789802e-01
1.963741005671198470e-01 3.765812091332500500e-01 4.270446902996299920e-01
2.036099326593873993e-01 3.738871299467482201e-01 4.225029373938644639e-01
1.914322882823103478e-01 3.740477032297325199e-01 4.345200084879571323e-01
1.918219480298959390e-01 3.953517843645818486e-01 4.128262676055221014e-01
2.029260765571884451e-01 3.790989619147358547e-01 4.179749615280757280e-01
1.922683329444981604e-01 3.638225510359366366e-01 4.439091160195650643e-01
2.007087296198649395e-01 3.607294426151091415e-01 4.385618277650258912e-01
1.862959120377159772e-01 3.659219125916664539e-01 4.477821753706175412e-01
1.864331568966032526e-01 3.863416008130445278e-01 4.272252422903521918e-01
1.975962464940562713e-01 3.705650993813855432e-01 4.318386541245582411e-01
1.867149936756455908e-01 3.552841927974264569e-01 4.580008135269280078e-01
1.953124399809148537e-01 3.523731954335944105e-01 4.523143645854906247e-01
1.841870513957392652e-01 3.505526223185073120e-01 4.652603262857534228e-01
1.844001831698087179e-01 3.718505202257585962e-01 4.437492966044325748e-01
1.953507610725790655e-01 3.562056962765072221e-01 4.484435426509136291e-01
1.845299504125284540e-01 3.402011986984738723e-01 4.752688508889977292e-01
1.929247519206119810e-01 3.375277116412357392e-01 4.695475364381523353e-01
1.861559813055080892e-01 3.684667460451705456e-01 4.453772726493213652e-01
1.866190610157381635e-01 3.894974681971739017e-01 4.238834707870879348e-01
1.976593002175489888e-01 3.734723008088149387e-01 4.288683989736359892e-01
1.868885048354063383e-01 3.583202092610879297e-01 4.547912859035057043e-01
1.953006761164961524e-01 3.552078628787663783e-01 4.494914610047374692e-01
1.866226556741039100e-01 3.830803249745414751e-01 4.302970193513546704e-01
1.848405639140670298e-01 4.067624752661596066e-01 4.083969608197733914e-01
1.962394396082647319e-01 3.900412319672145189e-01 4.137193284245208047e-01
1.855427032940931142e-01 3.751480547205536809e-01 4.393092419853532049e-01
1.954798061981814217e-01 3.700520975992783179e-01 4.344680962025402327e-01
1.828144823470033986e-01 3.740634716882954014e-01 4.431220459647012277e-01
1.808433554818140720e-01 3.968921428972538301e-01 4.222645016209320423e-01
1.923131223819445346e-01 3.806577250607830476e-01 4.270291525572723068e-01
1.814419532782414746e-01 3.656295439479211873e-01 4.529285027738373381e-01
1.914087168239697878e-01 3.608800290969016444e-01 4.477112540791286510e-01
1.803398717670703089e-01 3.588472501507608547e-01 4.608128780821688086e-01
1.785882546130331816e-01 3.825375517875154729e-01 4.388741935994512344e-01
1.898455056709153765e-01 3.663602621086803901e-01 4.437942322204042611e-01
1.790512075968723193e-01 3.506480335755416400e-01 4.703007588275861517e-01
1.888581907393627746e-01 3.460365453748637798e-01 4.651052638857735566e-01
1.818751714382085272e-01 3.772544089508497733e-01 4.408704196109416440e-01
1.801785499260575019e-01 4.006716387513633015e-01 4.191498113225791688e-01
1.915341493022983677e-01 3.841666334631378965e-01 4.242992172345638746e-01
1.807847828929836642e-01 3.693312868449253328e-01 4.498839302620910585e-01
1.906271361667914166e-01 3.642624228160860067e-01 4.451104410171226045e-01
1.871303497782595138e-01 3.938004125391906807e-01 4.190692376825497223e-01
1.920711085709222721e-01 4.099199934920461641e-01 3.980088979370315916e-01
2.018062449010979142e-01 3.948557557894024628e-01 4.033379993094996507e-01
1.900690632273188962e-01 3.809641430041231236e-01 4.289667937685579524e-01
1.973583213757343080e-01 3.787497080494870993e-01 4.238919705747785094e-01
1.808639493375875651e-01 3.865917415397908119e-01 4.325443091226215953e-01
1.855805540030598111e-01 4.017331543298995333e-01 4.126862916670406278e-01
1.953613152236935990e-01 3.872039282910934022e-01 4.174347564852129433e-01
1.833623834988039325e-01 3.733763461315425247e-01 4.432612703696535705e-01
1.907964954445029171e-01 3.714272025471740957e-01 4.377763020083230150e-01
1.799467884697886488e-01 3.703216249130851789e-01 4.497315866171260335e-01
1.845897261936172984e-01 3.866741539501226677e-01 4.287361198562599229e-01
1.941754953029974917e-01 3.720107343448896264e-01 4.338137703521127708e-01
1.823026719333349366e-01 3.573987572918475020e-01 4.602985707748174504e-01
1.896553610874429641e-01 3.555246593506610764e-01 4.548199795618958485e-01
1.818827119491957522e-01 3.882309265363901862e-01 4.298863615144140615e-01
1.868614795725607181e-01 4.041387143774238244e-01 4.089998060500154020e-01
1.965512678843089889e-01 3.892858974092035518e-01 4.141628347064874593e-01
1.846913914684871760e-01 3.755115642373202944e-01 4.397970442941924740e-01
1.919967056953117146e-01 3.732278376232647799e-01 4.347754566814235333e-01
1.863234978071234005e-01 3.983677765032641593e-01 4.153087256896123569e-01
1.941818452241858839e-01 4.108718781897585104e-01 3.949462765860556890e-01
2.026185097355491238e-01 3.972835087733198600e-01 4.000979814911310717e-01
1.914558651657453647e-01 3.826573219833378503e-01 4.258868128509168960e-01
1.963031981500723555e-01 3.834617617789150001e-01 4.202350400710126443e-01
1.797131503867615276e-01 3.913628779277902314e-01 4.289239716854482132e-01
1.872946907719142962e-01 4.029164330481087020e-01 4.097888761799769464e-01
1.957941584117904588e-01 3.898546792653534987e-01 4.143511623228560703e-01
1.843550700832145839e-01 3.753293824566625303e-01 4.403155474601229691e-01
1.893953017778908232e-01 3.763449217108381650e-01 4.342597765112710673e-01
1.789626528176565534e-01 3.749150726657962673e-01 4.461222745165471237e-01
1.864113332378531385e-01 3.877306791835385402e-01 4.258579875786083768e-01
1.947423319091369509e-01 3.745161743023466827e-01 4.307414937885163386e-01
1.833992600713077736e-01 3.591943675563294969e-01 4.574063723723628683e-01
1.884319609235527160e-01 3.602486348138258521e-01 4.513194042626214597e-01
1.812375924155038009e-01 3.925816456848840175e-01 4.261807618996121816e-01
1.890844069097789848e-01 4.049276238941243444e-01 4.059879691960966430e-01
1.974797428509529051e-01 3.915438455322708955e-01 4.109764116167762271e-01
1.862036469790597226e-01 3.770295856984478000e-01 4.367667673224925884e-01
1.910991017364583322e-01 3.777201464131260678e-01 4.311807518504156000e-01
