3.497389411896069666e-01 5.646801870726425587e-01 8.558087173775053014e-02
3.321322867989254246e-01 5.749014611065487168e-01 9.296625209452588634e-02
3.547093938844073091e-01 5.683301456319933553e-01 7.696046048359936331e-02
4.342748032486434817e-01 4.900746070255966313e-01 7.565058972575983143e-02
4.807206973907986458e-01 4.557778117353361025e-01 6.350149087386516844e-02
5.216820486822717484e-01 4.546112009720575942e-01 2.370675034567060885e-02
3.306638221766435293e-01 5.726639723686183236e-01 9.667220545473807769e-02
4.832237477561012184e-01 4.846953782732543181e-01 3.208087397064445651e-02
4.146891596882563147e-01 4.931849244197100135e-01 9.212591589203367182e-02
4.824304272301376817e-01 4.565956474057557557e-01 6.097392536410667363e-02
3.973727024498615590e-01 5.303074222777404145e-01 7.231987527239804037e-02
4.929688538280093124e-01 4.678776526186228524e-01 3.915349355336774501e-02
4.826651459397446331e-01 4.834259047781576113e-01 3.390894928209772091e-02
3.926989855114324524e-01 5.138398264583298181e-01 9.346118803023774346e-02
4.789302784566318860e-01 4.525129531273386352e-01 6.855676841602953431e-02
3.479140160972296614e-01 5.620460004584729719e-01 9.003998344429743617e-02
3.303814606973904389e-01 5.724931973365614546e-01 9.712534196604803716e-02
4.830687398580019720e-01 4.838288121823312027e-01 3.310244795966691550e-02
4.328159161628637452e-01 4.857779966978339470e-01 8.140608713930215512e-02
4.796812969733471044e-01 4.550239978167047172e-01 6.529470520994816451e-02
3.725869417018907170e-01 5.164915188588372619e-01 1.109215394392721460e-01
3.526219307946469872e-01 5.285856293287122254e-01 1.187924398766407597e-01
3.527964148325286042e-01 5.538963159114125290e-01 9.330726925605876965e-02
4.545599603317302950e-01 4.470447351227028743e-01 9.839530454556673356e-02
5.079962885750177737e-01 4.044122952854975472e-01 8.759141613948479010e-02
3.709385635952179294e-01 5.145955179306186400e-01 1.144659184741633889e-01
3.502882096943213952e-01 5.266912130474170617e-01 1.230205772582615570e-01
4.329600072654417597e-01 4.823615514730780762e-01 8.467844126148028894e-02
2.213129165963008127e-01 6.127713423269387505e-01 1.659157410767604923e-01
5.088736141157151893e-01 4.049874711624043555e-01 8.613891472188048293e-02
3.679300234625914046e-01 5.177611420565078060e-01 1.143088344809007895e-01
3.485347452595192186e-01 5.205434359550353829e-01 1.309218187854455928e-01
3.309512995380696210e-01 5.647201490254208922e-01 1.043285514365095423e-01
2.192569641400551883e-01 6.113009069383968930e-01 1.694421289215479742e-01
5.017353353395941351e-01 4.087864961417742582e-01 8.947816851863157894e-02
3.677982928051608535e-01 5.202373125765747952e-01 1.119643946182643096e-01
3.939990404675411395e-01 4.975768115021197979e-01 1.084241480303391042e-01
5.108072910330874183e-01 4.313375576542183287e-01 5.785515131269419742e-02
2.680927341662018848e-01 5.537443942027914234e-01 1.781628716310066918e-01
5.050466620829711095e-01 4.034840831151876861e-01 9.146925480184116275e-02
4.178944084228012890e-01 4.891007302228810860e-01 9.300486135431752788e-02
3.432841100730387174e-01 5.362269799582918273e-01 1.204889099686694276e-01
3.187939318353949503e-01 5.828188232543690672e-01 9.838724491023619068e-02
4.412634919527039234e-01 4.589283719908595627e-01 9.980813605643638897e-02
4.945997620841768305e-01 4.187773173929422166e-01 8.662292052288093902e-02
3.673714025087579937e-01 5.179120088233349906e-01 1.147165886679070296e-01
3.419431495757324635e-01 5.339019788779282294e-01 1.241548715463391683e-01
4.221610880851092151e-01 4.919098192492601940e-01 8.592909266563068804e-02
4.518277806581346701e-01 4.539367068297869845e-01 9.423551251207820667e-02
5.118617099412550164e-01 4.077513201426800071e-01 8.038696991606496256e-02
3.615389101802337635e-01 5.217263071393707374e-01 1.167347826803955685e-01
3.398297058642600343e-01 5.280059711470111994e-01 1.321643229887285720e-01
4.987320297966173488e-01 4.393456941953294836e-01 6.192227600805326471e-02
1.998116158059832503e-01 6.154902426785777703e-01 1.846981415154390072e-01
5.069972423983146737e-01 4.033749849369874796e-01 8.962777266469780513e-02
3.615946539464864329e-01 5.266953486893655167e-01 1.117099973641480920e-01
3.405187493379746022e-01 5.333399833205054730e-01 1.261412673415198693e-01
4.196920452477096442e-01 5.004653910219758473e-01 7.984256373031445309e-02
1.818596218830083600e-01 6.612084249382735868e-01 1.569319531787180810e-01
5.080396496465982015e-01 4.065249651248694085e-01 8.543538522853223738e-02
4.107931807941188618e-01 5.100044300128271368e-01 7.920238919305387648e-02
3.425732135126553501e-01 5.518158975760575347e-01 1.056108889112870874e-01
3.682342496162765433e-01 5.495088729542415562e-01 8.225687742948180337e-02
3.169432004714234363e-01 5.566326158980329231e-01 1.264241836305436406e-01
3.876227929337659472e-01 5.156274406075755934e-01 9.674976645865841773e-02
3.552831018022694631e-01 5.509423207246990639e-01 9.377457747303143132e-02
3.400323917597257162e-01 5.492549534153349233e-01 1.107126548249392772e-01
3.661836744325744908e-01 5.480571342927712530e-01 8.575919127465431169e-02
3.182120016744808266e-01 5.473833818676020480e-01 1.344046164579170977e-01
3.738275877719774432e-01 5.254471823443782608e-01 1.007252298836443793e-01
3.563328576711057849e-01 5.352140710421787739e-01 1.084530712867153301e-01
3.784964624523295407e-01 5.200028753900436396e-01 1.015006621576269308e-01
3.662753448331714790e-01 5.450802091670718941e-01 8.864444599975654371e-02
3.107266512503916722e-01 5.498055213346610959e-01 1.394678274149472597e-01
3.742712564735057867e-01 5.081042850921800857e-01 1.176244584343141136e-01
3.566483112477343842e-01 5.393808879634736098e-01 1.039708007887920893e-01
3.396852197379537919e-01 5.487543810745421080e-01 1.115603991875040862e-01
3.666852485725611288e-01 5.478637751403767631e-01 8.545097628706210813e-02
3.152683427460397647e-01 5.545278102309536550e-01 1.302038470230067468e-01
4.851712576597116411e-01 4.397082319372059844e-01 7.512051040308249938e-02
3.948597241197324137e-01 5.251083669961411626e-01 8.003190888412640980e-02
3.814671966101635947e-01 5.313426138555130684e-01 8.719018953432333685e-02
3.699200771896958839e-01 5.522836076214396872e-01 7.779631518886434560e-02
3.206795725948375364e-01 5.525220489467981277e-01 1.267983784583643081e-01
3.957143394921864843e-01 5.079509376376711849e-01 9.633472287014240021e-02
3.929860237526873190e-01 5.235143682538834220e-01 8.349960799342925899e-02
3.792534670960511223e-01 5.291249231515112728e-01 9.162160975243756333e-02
3.688006663792395279e-01 5.408849603918332027e-01 9.031437322892742203e-02
3.188952951597542329e-01 5.515420766972836120e-01 1.295626281429621274e-01
4.094569396995641486e-01 4.921381395396681180e-01 9.840492076076766403e-02
3.914490749687061233e-01 5.186803335117792235e-01 8.987059151951452829e-02
3.775475191108478290e-01 5.249037850800736260e-01 9.754869580907855886e-02
4.194273908114077853e-01 5.064293055124583498e-01 7.414330367613382322e-02
3.172492080743535281e-01 5.437123966046364387e-01 1.390383953210100887e-01
4.688284711179410702e-01 4.478334461767273789e-01 8.333808270533155094e-02
3.923104686288391152e-01 5.219929566637656615e-01 8.569657470739525107e-02
3.791019320547899252e-01 5.284577178067655367e-01 9.244035013844438542e-02
3.683594206880236865e-01 5.506088618765695442e-01 8.103171743540674155e-02
3.180161407787925887e-01 5.496106701117857707e-01 1.323731891094215851e-01
3.913124050651596852e-01 5.092792146805856790e-01 9.940838025425477453e-02
4.652825555048682449e-01 4.732921242599355538e-01 6.142532023519623602e-02
3.541966569687632349e-01 5.442835768871635560e-01 1.015197661440732091e-01
5.331306236967808809e-01 4.515442418616700260e-01 1.532513444154898902e-02
3.611444707898225359e-01 5.290172605080396551e-01 1.098382687021379478e-01
4.808845340958457504e-01 4.549999238348348407e-01 6.411554206931945055e-02
4.493460397733032852e-01 4.995295714730473846e-01 5.112438875364940655e-02
4.013403291061772848e-01 5.123079674032080533e-01 8.635170349061460637e-02
4.975437456727554442e-01 4.582072294317066086e-01 4.424902489553789176e-02
4.370715836947382527e-01 4.885875837370362573e-01 7.434083256822544838e-02
4.823767159060002863e-01 4.558050888536051559e-01 6.181819524039451619e-02
4.473489633044409053e-01 4.954075947549740344e-01 5.724344194058513663e-02
3.736889997217271997e-01 5.389899160587995341e-01 8.732108421947330779e-02
4.175045704084466847e-01 5.225338696537107364e-01 5.996155993784246796e-02
4.341096759331301569e-01 4.830718540156815344e-01 8.281847005118835037e-02
4.791355185535108308e-01 4.513015133315070315e-01 6.956296811498204058e-02
3.553480460375363359e-01 5.559730455932548887e-01 8.867890836920885866e-02
3.376029823142845387e-01 5.667803261787006663e-01 9.561669150701480879e-02
4.858747217942922525e-01 4.806191867022873154e-01 3.350609150342055698e-02
3.613417725975897055e-01 5.400261739682996609e-01 9.863205343411045323e-02
4.797230413277592809e-01 4.540896306160887019e-01 6.618732805615205883e-02
4.320769378985856446e-01 4.783260278393755560e-01 8.959703426203881327e-02
3.543178488552657379e-01 5.274657714747881254e-01 1.182163796699461922e-01
4.418573924289173616e-01 4.780921455741362069e-01 8.005046199694632048e-02
3.356348711397030837e-01 5.233817473089662498e-01 1.409833815513307220e-01
5.092094221058381942e-01 4.147785512982218870e-01 7.601202659594000210e-02
4.310622295187026554e-01 4.773690354574140482e-01 9.156873502388335195e-02
3.977513929572755735e-01 4.961776336579478142e-01 1.060709733847765013e-01
3.810358297995865007e-01 5.226868537566942141e-01 9.627731644371911868e-02
3.827051529501317439e-01 4.934738965294052648e-01 1.238209505204629218e-01
5.133181989644176602e-01 4.073179322301518357e-01 7.936386880543061517e-02
4.735559083715484285e-01 4.520701318744400621e-01 7.437395975401155102e-02
3.504221178640096190e-01 5.191321967870643483e-01 1.304456853489261159e-01
4.381903983148960346e-01 4.735938705664640147e-01 8.821573111863997840e-02
2.920799356955675052e-01 5.347569289879012810e-01 1.731631353165312692e-01
5.087054292733264038e-01 4.027880789801966954e-01 8.850649174647691464e-02
3.713172752230688989e-01 5.115230822086167528e-01 1.171596425683144177e-01
3.968164278620408547e-01 4.952734288701127752e-01 1.079101432678463979e-01
4.390393977933558789e-01 4.855965743456756578e-01 7.536402786096851880e-02
3.180001809557561621e-01 5.343878673407322921e-01 1.476119517035115181e-01
5.116398008720512980e-01 4.050178507415048701e-01 8.334234838644367926e-02
3.668432962908737549e-01 5.202158925974430526e-01 1.129408111116833313e-01
3.448271157909312823e-01 5.351496303522556008e-01 1.200232538568130752e-01
4.303553394922257080e-01 4.875198088237287508e-01 8.212485168404548563e-02
3.759238332716621223e-01 4.930804816621699449e-01 1.309956850661678496e-01
5.097062161423973059e-01 4.062619909610875046e-01 8.403179289651510619e-02
4.663300948157313996e-01 4.560420459573849561e-01 7.762785922688371365e-02
3.434913004610698484e-01 5.327427854075412750e-01 1.237659141313887656e-01
4.287452886368912086e-01 4.865936318129158167e-01 8.466107955019293307e-02
4.499796498564035963e-01 4.495175067761923993e-01 1.005028433674038796e-01
5.059215881085171729e-01 4.180357909837905672e-01 7.604262090769227378e-02
3.652529122433499364e-01 5.189069331454180256e-01 1.158401546112319408e-01
3.415853207136278491e-01 5.266147732957743299e-01 1.317999059905979042e-01
4.271621359448778965e-01 4.828041278050566043e-01 9.003373625006552694e-02
3.662820399215843126e-01 4.850903777070560419e-01 1.486275823713595623e-01
4.952105926941541836e-01 4.050830519874087376e-01 9.970635531843717592e-02
3.639861559234299215e-01 5.170037312958314368e-01 1.190101127807384473e-01
3.916782582017741543e-01 5.013302913839045027e-01 1.069914504143212458e-01
4.276390662710359836e-01 4.854921545039125319e-01 8.686877922505140126e-02
4.423247293279279901e-01 4.523452665157081665e-01 1.053300041563637324e-01
5.076961193837217223e-01 4.111149114371491775e-01 8.118896917912914180e-02
3.616073283944866712e-01 5.412298792057154140e-01 9.716279239979802584e-02
3.443934634473516110e-01 5.506697015125681105e-01 1.049368350400803063e-01
4.309266997269624588e-01 4.992344472543397971e-01 6.983885301869767470e-02
3.197628841873381700e-01 5.550395346516578954e-01 1.251975811610040457e-01
4.828538407469314953e-01 4.439365243481711021e-01 7.320963490489726389e-02
3.594095442590195533e-01 5.393039467500705397e-01 1.012865089909098931e-01
3.413452923261178773e-01 5.555964833477038400e-01 1.030582243261782410e-01
4.282856667641267712e-01 4.980455246353595045e-01 7.366880860051369662e-02
3.195950430906100981e-01 5.466223767641344988e-01 1.337825801452553476e-01
4.760518643329791910e-01 4.417179085392699545e-01 8.223022712775089615e-02
3.584346863063542776e-01 5.334900731757533654e-01 1.080752405178923153e-01
3.407764113951791685e-01 5.428254687832839709e-01 1.163981198215369439e-01
3.710143237318742626e-01 5.417304988668369958e-01 8.725517740128869992e-02
3.006908178988559333e-01 5.649598939114440777e-01 1.343492881897000168e-01
4.798608968030146915e-01 4.399375933122206539e-01 8.020150988476459908e-02
3.586691906691965581e-01 5.377810136659253448e-01 1.035497956648781942e-01
3.415873496754341931e-01 5.474409905241759411e-01 1.109716598003898935e-01
4.280139004994116259e-01 4.970956222565262594e-01 7.489047724406208695e-02
3.185525348964502457e-01 5.445804984735155285e-01 1.368669666300341703e-01
4.807211008623277770e-01 4.430312877290414342e-01 7.624761140863069164e-02
4.538458771934333336e-01 4.857665920369494961e-01 6.038753076961708710e-02
3.844823148828455106e-01 5.290192519301740726e-01 8.649843318698061112e-02
4.704797562248996257e-01 4.793491221202303421e-01 5.017112165486996983e-02
3.223313761097611474e-01 5.515806205057299794e-01 1.260880033845089010e-01
4.146899404148047252e-01 4.885383789348177186e-01 9.677168065037740352e-02
3.616717186223538105e-01 5.413707020380459367e-01 9.695757933960032215e-02
3.822514083624692360e-01 5.267466772430856592e-01 9.100191439444503538e-02
3.715972513589462234e-01 5.387760898510007834e-01 8.962665879005289604e-02
3.205437866561190452e-01 5.505126930650131589e-01 1.289435202788678514e-01
4.138682306562843638e-01 4.887212069409193615e-01 9.741056240279634404e-02
3.607360970864978422e-01 5.357652408607875838e-01 1.034986620527146017e-01
3.805274565575822998e-01 5.224527130206829684e-01 9.701983042173470406e-02
4.263927221623625696e-01 5.007340159458208984e-01 7.287326189181637937e-02
3.197718603762067513e-01 5.492828903964154241e-01 1.309452492273777968e-01
4.113751902922426207e-01 4.825677876832208391e-01 1.060570220245365958e-01
3.953681815095612118e-01 5.193414836609955287e-01 8.529033482944317623e-02
3.820915471361344684e-01 5.260097904225743415e-01 9.189866244129121786e-02
4.699876798360629326e-01 4.856420225202773278e-01 4.437029764365969103e-02
3.197900711514280458e-01 5.484646501175739486e-01 1.317452787309979223e-01
4.121251081062501376e-01 4.864728192980385391e-01 1.014020725957113650e-01
4.987069778671343045e-01 4.362648772955674548e-01 6.502814483729837947e-02
4.749704606040037191e-01 4.511474566761735638e-01 7.388208271982274478e-02
4.338809604680756160e-01 5.014632578751382352e-01 6.465578165678617650e-02
4.410456165483554458e-01 4.716505140163916865e-01 8.730386943525272891e-02
4.846822390584630269e-01 4.387411447664723574e-01 7.657661617506443530e-02
4.203121196475172461e-01 5.046948462155769199e-01 7.499303413690575071e-02
4.009197079817414244e-01 5.150942026652072236e-01 8.398608935305137968e-02
5.047818072286447411e-01 4.515330150371600348e-01 4.368517773419519634e-02
4.427660000035055221e-01 4.632070232277383792e-01 9.402697676875609867e-02
4.858540051964064799e-01 4.394693460482820835e-01 7.467664875531143664e-02
5.323835452503933308e-01 4.237532350582252083e-01 4.386321969138140542e-02
5.125653989488732076e-01 4.352653910550466354e-01 5.216920999608005288e-02
5.077996316541493194e-01 4.318938442977622860e-01 6.030652404808836686e-02
4.376662911400757139e-01 4.700437960786881808e-01 9.228991278123616082e-02
4.827888196715910407e-01 4.339710111812001836e-01 8.324016914720884508e-02
4.192799452602124499e-01 5.030401790712133447e-01 7.767987566857412207e-02
5.141217425274154929e-01 4.373106136299764191e-01 4.856764384260822687e-02
5.504436093419367015e-01 4.194146415891980562e-01 3.014174906886538802e-02
4.426799673396355495e-01 4.669203933973803955e-01 9.039963926298412444e-02
4.832532670557054821e-01 4.377058092220655339e-01 7.904092372222909502e-02
4.334876837746989287e-01 4.662043121511437738e-01 1.003080040741572976e-01
4.120272236945153876e-01 4.793573225692887574e-01 1.086154537361958272e-01
4.512056646535391735e-01 4.591757323807513780e-01 8.961860296570942075e-02
2.102469769713988801e-01 6.236045320137038050e-01 1.661484910148974259e-01
5.334280939520403830e-01 3.934009524716112205e-01 7.317095357634846586e-02
4.321389132874369210e-01 4.657833241594923623e-01 1.020777625530707999e-01
5.308840043319327240e-01 3.989491997086279107e-01 7.016679595943946246e-02
4.490346426449516870e-01 4.586010206812389245e-01 9.236433667380938850e-02
3.581234591483136165e-01 5.052558280828853832e-01 1.366207127688010003e-01
5.447503182657980059e-01 3.754974994930467269e-01 7.975218224115537824e-02
4.250815498530929881e-01 4.705571574039131844e-01 1.043612927429938553e-01
3.495602963756506143e-01 5.112391515338705617e-01 1.392005520904787130e-01
4.154988516830732670e-01 4.938886679272127544e-01 9.061248038971402019e-02
4.432033478681768890e-01 4.337469861940565496e-01 1.230496659377666169e-01
5.125510539020287082e-01 3.863250972526102167e-01 1.011238488453610751e-01
4.200279636127964289e-01 4.785590834553750117e-01 1.014129529318285733e-01
5.483388816895743423e-01 3.886902937414107306e-01 6.297082456901488545e-02
5.167899107943735304e-01 4.115889111366072828e-01 7.162117806901927008e-02
2.124792198787983921e-01 6.140257292242143894e-01 1.734950508969874128e-01
5.236247060481881155e-01 3.879716201131724329e-01 8.840367383863959039e-02
5.606932520354683813e-01 3.829454022257749446e-01 5.636134573875663245e-02
3.426705206122048208e-01 5.283623993477397640e-01 1.289670800400554984e-01
4.391104447200565586e-01 4.685936739490717540e-01 9.229588133087171520e-02
4.217370340417965768e-01 4.640612552871024032e-01 1.142017106711010616e-01
5.257226834418774475e-01 3.953726688559632829e-01 7.890464770215924184e-02
4.240294839111675151e-01 4.717838540073391318e-01 1.041866620814933669e-01
3.410309485104512373e-01 5.264071343360440247e-01 1.325619171535046548e-01
5.065913254206707572e-01 4.213038854306316305e-01 7.210478914869762612e-02
4.558507843711464558e-01 4.293931987600957956e-01 1.147560168687578597e-01
5.368358339497903975e-01 3.677650220922807356e-01 9.539914395792890855e-02
4.216192039787048373e-01 4.651560208976222577e-01 1.132247751236728495e-01
3.397040219587209586e-01 5.201963675870328041e-01 1.400996104542462650e-01
5.048800274981470881e-01 4.179964119442632353e-01 7.712356055758962103e-02
4.708297677847455009e-01 4.040709562141651112e-01 1.250992760010893601e-01
5.314759127837189734e-01 3.814034146075018783e-01 8.712067260877925934e-02
4.251885612063174280e-01 4.669653288301051641e-01 1.078461099635773107e-01
3.981537703034739861e-01 4.860389863702616053e-01 1.158072433262645334e-01
5.261613960233331166e-01 4.101829245154268166e-01 6.365567946124017773e-02
1.952995653651195818e-01 6.331553326346716082e-01 1.715451020002086990e-01
5.614632293689283404e-01 3.674502021469066571e-01 7.108656848416507190e-02
4.191724426237197210e-01 4.928073555568535657e-01 8.802020181942665777e-02
4.010498276181399535e-01 5.027215307284412793e-01 9.622864165341864229e-02
4.330060921865762635e-01 4.934827791531006813e-01 7.351112866032319393e-02
3.087572598651424638e-01 5.577721338075100066e-01 1.334706063273475296e-01
3.890491347113492204e-01 5.016860908035016831e-01 1.092647744851493047e-01
4.172933006600174632e-01 4.924017463563791219e-01 9.030495298360331768e-02
3.422429168896745644e-01 5.400325855837649902e-01 1.177244975265605564e-01
4.384204412571500176e-01 4.793661198134401835e-01 8.221343892940992382e-02
2.709244096751554087e-01 5.855771893590165922e-01 1.434984009658279158e-01
3.677252159792971931e-01 5.221399937302635408e-01 1.101347902904391274e-01
3.526756874689385701e-01 5.293246164438972778e-01 1.179996960871642631e-01
3.414449774822108097e-01 5.340489556014238470e-01 1.245060669163654127e-01
4.376671871145225157e-01 4.756213523949605615e-01 8.671146049051692284e-02
3.597404751508112564e-01 5.134065648243032465e-01 1.268529600248854139e-01
4.841633951452291029e-01 4.241244777766398077e-01 9.171212707813113096e-02
3.483651237673376921e-01 5.461871724415209295e-01 1.054477037911411841e-01
3.421611231009593634e-01 5.391595056545271936e-01 1.186793712445134708e-01
4.380358416070901373e-01 4.782992433583181380e-01 8.366491503459173862e-02
2.981595552753789624e-01 5.543404678310829281e-01 1.474999768935381095e-01
4.919578464069328527e-01 4.168156288689625621e-01 9.122652472410472391e-02
3.586159501641216774e-01 5.390800913617940227e-01 1.023039584740843000e-01
3.489127438470782105e-01 5.423301795516515256e-01 1.087570766012702084e-01
4.789092530153469807e-01 4.602975016249918894e-01 6.079324535966105364e-02
3.229712398347668878e-01 5.358718726522988529e-01 1.411568875129342038e-01
4.029340340296591605e-01 5.041794749936066022e-01 9.288649097673425115e-02
4.545647662408648926e-01 4.724890924340530707e-01 7.294614132508198123e-02
3.814054285359004259e-01 5.188770657635434214e-01 9.971750570055623597e-02
4.369740340324559380e-01 4.848972924069186452e-01 7.812867356062538904e-02
3.125675194455208028e-01 5.503957509113789337e-01 1.370367296431002913e-01
4.860768747519053079e-01 4.331931386065452916e-01 8.072998664154952542e-02
3.552958084106804248e-01 5.311318449772768346e-01 1.135723466120427960e-01
3.800165728374830243e-01 5.136579709610209488e-01 1.063254562014959298e-01
4.362558302692093881e-01 4.813664061431061625e-01 8.237776358768447715e-02
3.115739149188593293e-01 5.415399596874760357e-01 1.468861253936646349e-01
4.109234931966987969e-01 4.736307603943470390e-01 1.154457464089540947e-01
3.557845744865782422e-01 5.357978978435046225e-01 1.084175276699172047e-01
3.813750012535946365e-01 5.178891290760725408e-01 1.007358696703328227e-01
4.322037109092430329e-01 4.957814438501405019e-01 7.201484524061670112e-02
3.122446473980952097e-01 5.480254376086430845e-01 1.397299149932616502e-01
4.096728471282322093e-01 4.800311747809308804e-01 1.102959780908369519e-01
4.382476569201200767e-01 5.020482569300240838e-01 5.970408614985582563e-02
4.327111042224559556e-01 4.894667865114920025e-01 7.782210926605195866e-02
4.117056856074565729e-01 5.260347490892259836e-01 6.225956530331742955e-02
4.157162319111669113e-01 4.978153505708193260e-01 8.646841751801379039e-02
4.667953485840809491e-01 4.484855378124389391e-01 8.471911360347995912e-02
4.028398449423929994e-01 5.246020751197829624e-01 7.255807993782410759e-02
3.911469257084846940e-01 5.151639365395055403e-01 9.368913775200968241e-02
4.854434508393405401e-01 4.606049499936425429e-01 5.395159916701699337e-02
3.993024265655910066e-01 5.024193361874621511e-01 9.827823724694685625e-02
4.673901025593225622e-01 4.524484282460754514e-01 8.016146919460193088e-02
4.013332442257642740e-01 5.190103330300362972e-01 7.965642274419941493e-02
4.503448924891894634e-01 4.706213333560320677e-01 7.903377415477849666e-02
5.222895268870176855e-01 4.495980426131569452e-01 2.811243049982526179e-02
4.107226017334937307e-01 4.967983799750818052e-01 9.247901829142443630e-02
4.834505199155605393e-01 4.471292595385472080e-01 6.942022054589244706e-02
4.372095981963833866e-01 5.001568694343863086e-01 6.263353236923033251e-02
4.186497558702938493e-01 5.116803603187017879e-01 6.966988381100426564e-02
4.843796700776457076e-01 4.590412512916596799e-01 5.657907863069458476e-02
4.144062383865990129e-01 4.966100859307421289e-01 8.898367568265888594e-02
4.652941117416844463e-01 4.473718552687986905e-01 8.733403298951690485e-02
4.179885619439498434e-01 4.830163216852999541e-01 9.899511637075016079e-02
3.383023884685408822e-01 5.409505075417700981e-01 1.207471039896890613e-01
4.311490706767177605e-01 4.802372995748499518e-01 8.861362974843235707e-02
3.049186097803827655e-01 5.358854838113027430e-01 1.591959064083144915e-01
4.466250468040127153e-01 4.501383339619153823e-01 1.032366192340719996e-01
4.168531662515467251e-01 4.823970454274011943e-01 1.007497883210521084e-01
3.807885713542916717e-01 5.050691564382687737e-01 1.141422722074394575e-01
3.383414731367130890e-01 5.593789610598940421e-01 1.022795658033928551e-01
3.115132454545379570e-01 5.311516899972742456e-01 1.573350645481879917e-01
4.908485790449064745e-01 4.173271671125035054e-01 9.182425384258992296e-02
3.530254742528039502e-01 5.239267933516461584e-01 1.230477323955498775e-01
3.355940101923832741e-01 5.259469209883768093e-01 1.384590688192398056e-01
4.012503664969121475e-01 5.116451090369857901e-01 8.710452446610214561e-02
2.772748042412974678e-01 5.621950792580489020e-01 1.605301165006537967e-01
4.939264907074190636e-01 3.955635830794610452e-01 1.105099262131198495e-01
4.148177570770135159e-01 4.803174685460486204e-01 1.048647743769378637e-01
3.363158448933100120e-01 5.316454024879478935e-01 1.320387526187421501e-01
4.282481176629624464e-01 4.780772087434869144e-01 9.367467359355063916e-02
2.755146620689303272e-01 5.675784486294738196e-01 1.569068893015957977e-01
4.940447965821593845e-01 4.128426784109290315e-01 9.311252500691150069e-02
4.150922671525933971e-01 4.778078989990121039e-01 1.070998338483944573e-01
3.287061917662328359e-01 5.432525992368419931e-01 1.280412089969251155e-01
4.190409109734278270e-01 4.897985929002711680e-01 9.116049612630094945e-02
2.388843642955147117e-01 5.956733261021898151e-01 1.654423096022955841e-01
5.074727449117444333e-01 4.151203582468894204e-01 7.740689684136618787e-02
3.468780372442002990e-01 5.354748533488511431e-01 1.176471094069486967e-01
3.272959422435021692e-01 5.410569468621987399e-01 1.316471108942990909e-01
4.177267432566323935e-01 4.890105460726820175e-01 9.326271067068546416e-02
2.209456447626985398e-01 5.980096288184220121e-01 1.810447264188794758e-01
3.298403518407348467e-01 5.390866104627672906e-01 1.310730376964979182e-01
4.070481274318398235e-01 4.890453509108909635e-01 1.039065216572690881e-01
3.258707002972303646e-01 5.339553120233114791e-01 1.401739876794580730e-01
4.171137434449891934e-01 4.926020235082610998e-01 9.028423304674970673e-02
4.245840354263686889e-01 4.603886001477385803e-01 1.150273644258926475e-01
4.864411467020370305e-01 4.251327075501869501e-01 8.842614574777588055e-02
4.066582820658511954e-01 4.861202099057195247e-01 1.072215080284293492e-01
3.262192579253911373e-01 5.400120904386982446e-01 1.337686516359105904e-01
4.169079277881879153e-01 4.960436277678830219e-01 8.704844444392909053e-02
4.379990115970360254e-01 4.486056991760487000e-01 1.133952892269153578e-01
2.739605387663525682e-01 5.883763772918924051e-01 1.376630839417550267e-01
3.430981789046037567e-01 5.588989718964788578e-01 9.800284919891741331e-02
3.694540933047393283e-01 5.328928668147223657e-01 9.765303988053834761e-02
4.205940625026475255e-01 5.018991378710769835e-01 7.750679962627539388e-02
2.980483870831854287e-01 5.694090251000405445e-01 1.325425878167740823e-01
3.701489017115497937e-01 5.264320241983073689e-01 1.034190740901427541e-01
4.422523882063604250e-01 4.838121315501512365e-01 7.393548024348839398e-02
3.281859960238983076e-01 5.553166763576130593e-01 1.164973276184886192e-01
4.185415767446956647e-01 5.007346746109255786e-01 8.072374864437875663e-02
2.977609367370361859e-01 5.612644856880578681e-01 1.409745775749061125e-01
3.658456839687940776e-01 5.162642727853449243e-01 1.178900432458610537e-01
3.309003233008357969e-01 5.506370845100638789e-01 1.184625921891004768e-01
3.274816309349224963e-01 5.491793532842577097e-01 1.233390157808197662e-01
3.566234000631718914e-01 5.483821083292332865e-01 9.499449160759487754e-02
2.967998181886056797e-01 5.520497411740175053e-01 1.511504406373768150e-01
3.769863471128221954e-01 5.118882443796090032e-01 1.111254085075687320e-01
3.785730167833201709e-01 5.237048639199927136e-01 9.772211929668711550e-02
3.281155525897259118e-01 5.542456839025041715e-01 1.176387635077700416e-01
3.567005407943850126e-01 5.518054119640456445e-01 9.149404724156927349e-02
3.437529263154575632e-01 5.274052277472394135e-01 1.288418459373030511e-01
3.993998482179027532e-01 5.020690791239640349e-01 9.853107265813315641e-02
4.402976901385702857e-01 4.908999913738710252e-01 6.880231848755878621e-02
3.693795177853679834e-01 5.370851584905174114e-01 9.353532372411479945e-02
4.201486163099185100e-01 5.069766470966233785e-01 7.287473659345808374e-02
3.018218168244778399e-01 5.649463052531997764e-01 1.332318779223224392e-01
3.947539628761360664e-01 4.997268275800409443e-01 1.055192095438229338e-01
3.780620971398322983e-01 5.311708583804979344e-01 9.076704447966997547e-02
3.672112713486990754e-01 5.350919502000260897e-01 9.769677845127494598e-02
3.584833806158559399e-01 5.542851587252123347e-01 8.723146065893165602e-02
2.998073892389568895e-01 5.641529219424690211e-01 1.360396888185741171e-01
3.938334742303008507e-01 5.001507253465363734e-01 1.060158004231627205e-01
3.447194768287379363e-01 5.435983540333209074e-01 1.116821691379412396e-01
3.659097887410675543e-01 5.297324701840107064e-01 1.043577410749217393e-01
4.563113389730566460e-01 4.788831936840999282e-01 6.480546734284328703e-02
2.988211449493564653e-01 5.551913345938247479e-01 1.459875204568188145e-01
3.916347101588988910e-01 4.930524128223693348e-01 1.153128770187316771e-01
3.775681389732485904e-01 5.291320985020810941e-01 9.329976252467041264e-02
3.671502009191572879e-01 5.339256308378712568e-01 9.892416824297142752e-02
4.175368083301890243e-01 5.046450322279507628e-01 7.781815944186039335e-02
2.994039513179926337e-01 5.616603353066771387e-01 1.389357133753301998e-01
4.008004643838627978e-01 4.969461233277865930e-01 1.022534122883505397e-01
4.639459275244390835e-01 4.817064874574067956e-01 5.434758501815413478e-02
3.643228373283681765e-01 5.319903859981789385e-01 1.036867766734527463e-01
4.510504329783411870e-01 4.822978777340050649e-01 6.665168928765377587e-02
3.251628202163529546e-01 5.555026241526732633e-01 1.193345556309738931e-01
4.834211168055511099e-01 4.462194074535760224e-01 7.035947574087282608e-02
4.638762698391897255e-01 4.817143004065549405e-01 5.440942975425525074e-02
4.415025275083083733e-01 4.951003200881413102e-01 6.339715240355020542e-02
4.341896514881958824e-01 5.074506967809768732e-01 5.835965173082722363e-02
3.802456057354461350e-01 5.181256759435637349e-01 1.016287183209902412e-01
4.299029512442677503e-01 4.822343844161798843e-01 8.786266433955232380e-02
4.266554184402416294e-01 5.003607998310259930e-01 7.298378172873244696e-02
3.455519855913489757e-01 5.510011132459977645e-01 1.034469011626532736e-01
4.740710217870298115e-01 4.780157054648389581e-01 4.791327274813129977e-02
3.782072127751446300e-01 5.107494594937330712e-01 1.110433277311222572e-01
4.817013621976583004e-01 4.421089485956040122e-01 7.618968920673770129e-02
4.627419903370902365e-01 4.802044983496967512e-01 5.705351131321287350e-02
4.408606518095485316e-01 4.944739644093414932e-01 6.466538378110996133e-02
5.362996128506463123e-01 4.399482710068747249e-01 2.375211614247893510e-02
3.788461544177194051e-01 5.164138543662496472e-01 1.047399912160310170e-01
4.822448289992350423e-01 4.453749819044933722e-01 7.238018909627161324e-02
3.855806968856986816e-01 5.018123008784671768e-01 1.126070022358341277e-01
4.073447247518112713e-01 4.920324208713220959e-01 1.006228543768666883e-01
5.711575864117517387e-01 3.863573183186996274e-01 4.248509526954856452e-02
3.999859709488546300e-01 4.699145331805207881e-01 1.300994958706245264e-01
4.025189773017138761e-01 4.830723420503377774e-01 1.144086806479485269e-01
4.891374462926822431e-01 4.390330247787880835e-01 7.182952892852972893e-02
4.675054467002980330e-01 4.455257266540481043e-01 8.696882664565390442e-02
4.531958740700414712e-01 4.698755234270952652e-01 7.692860250286326362e-02
3.993905693684144942e-01 4.697490355414887242e-01 1.308603950900966983e-01
5.139755938707508687e-01 3.996855902987147546e-01 8.633881583053433506e-02
4.459353934039110845e-01 4.535183186995017657e-01 1.005462878965871776e-01
4.164395503763899109e-01 4.723134799586976018e-01 1.112469696649124595e-01
4.572331519791726362e-01 4.541469307619850904e-01 8.861991725884237059e-02
3.960683945299387498e-01 4.619548064995086523e-01 1.419767989705526812e-01
5.079166507441750245e-01 4.014991819115970584e-01 9.058416734422788941e-02
4.464481865488635348e-01 4.573040011120853010e-01 9.624781233905116418e-02
3.620184846177097460e-01 5.124793528735479553e-01 1.255021625087423265e-01
4.577142481861811163e-01 4.567961399025767255e-01 8.548961191124203329e-02
3.970617337897001664e-01 4.680127001843299994e-01 1.349255660259698619e-01
5.160592679995356091e-01 3.964479544278957657e-01 8.749277757256861132e-02
4.419917499916461434e-01 4.649913582552071545e-01 9.301689175314674374e-02
3.558745181752231979e-01 5.229256458293789489e-01 1.211998359953977422e-01
4.494835504556700667e-01 4.679394209494009416e-01 8.257702859492900560e-02
3.932604313557132580e-01 4.787740876810701041e-01 1.279654809632165824e-01
4.505761893088027215e-01 4.419028267248535924e-01 1.075209839663436168e-01
4.415339328294874410e-01 4.643140950959423474e-01 9.415197207457023931e-02
3.544833083060065504e-01 5.206424808680674143e-01 1.248742108259259381e-01
4.524889881874927244e-01 4.633674625797964408e-01 8.414354923271094577e-02
4.532112456818742086e-01 4.306339456640413954e-01 1.161548086540844515e-01
5.151620658155472432e-01 3.973970758679687965e-01 8.744085831648397422e-02
3.729571881861649674e-01 5.077001031438098666e-01 1.193427086700251660e-01
3.527115551508371860e-01 5.144474081528179754e-01 1.328410366963447276e-01
4.428360356843566992e-01 4.742353822572150657e-01 8.292858205842831842e-02
3.991175078567063550e-01 4.684197762549712762e-01 1.324627158883223410e-01
5.103766015684116919e-01 3.924420573250820277e-01 9.718134110650612778e-02
4.815149597302078033e-01 4.349646109179350351e-01 8.352042935185730044e-02
3.970386210629833768e-01 4.914045039227998846e-01 1.115568750142167526e-01
4.468184418926796075e-01 4.661911705551329832e-01 8.699038755218745089e-02
3.778136166763086390e-01 4.829005130918962441e-01 1.392858702317950892e-01
5.320493137711591602e-01 3.905604040694786727e-01 7.739028215936218091e-02
4.736470688544375807e-01 4.596733428819753109e-01 6.667958826358710844e-02
3.545869558384261988e-01 5.389289387926546882e-01 1.064841053689191824e-01
4.492777987978686105e-01 4.799215743807519474e-01 7.080062682137946983e-02
3.311738527781346586e-01 5.360896717758347751e-01 1.327364754460305385e-01
4.327968701329009682e-01 4.642315915658720149e-01 1.029715383012269475e-01
4.051781739729193310e-01 5.121120274121065963e-01 8.270979861497403107e-02
3.933070643425062851e-01 5.097642380013905905e-01 9.692869765610301336e-02
3.831914039906970104e-01 5.211934470678066811e-01 9.561514894149635013e-02
3.797317029145024780e-01 5.021283662896443012e-01 1.181399307958531375e-01
4.326318374930218091e-01 4.718869785761363733e-01 9.548118393084180366e-02
3.690588269894147788e-01 5.207729286856989104e-01 1.101682443248863663e-01
3.510803930585004728e-01 5.311374443631087239e-01 1.177821625783908172e-01
4.460772488349072362e-01 4.758466637841115010e-01 7.807608738098119339e-02
3.283136455253090058e-01 5.268806315259221273e-01 1.448057229487688946e-01
4.295729386679594808e-01 4.582708727628586609e-01 1.121561885691818167e-01
4.712363899941013901e-01 4.575771555439461236e-01 7.118645446195247251e-02
3.518193788577942960e-01 5.359126040730665119e-01 1.122680170691393170e-01
4.408997244606702726e-01 4.918574885649756312e-01 6.724278697435398522e-02
3.284844781895727706e-01 5.333027701707663271e-01 1.382127516396608746e-01
4.301362280266475269e-01 4.625151686348716318e-01 1.073486033384808275e-01
4.080192121052021448e-01 5.092992314864708270e-01 8.268155640832701436e-02
3.943249656689701288e-01 5.165764693717067590e-01 8.909856495932319542e-02
4.878185866208393229e-01 4.597280594650739460e-01 5.245335391408667558e-02
3.318947624031524657e-01 5.402026818276122189e-01 1.279025557692354265e-01
4.296277252141896263e-01 4.718123298535785715e-01 9.855994493223187158e-02
4.060253368463712653e-01 5.078431781324554972e-01 8.613148502117323746e-02
3.552565630970263011e-01 5.370325342022445048e-01 1.077109027007290415e-01
4.859057293962071866e-01 4.589352750072281384e-01 5.515899559656455009e-02
3.299422843302790564e-01 5.393661821759989650e-01 1.306915334937220619e-01
4.287330458690993273e-01 4.722057270747874735e-01 9.906122705611310197e-02
4.046392505969018116e-01 5.026533437712957797e-01 9.270740563180243643e-02
3.905701881977114986e-01 5.098861100939255930e-01 9.954370170836281118e-02
3.798756398287967406e-01 5.337067104309426435e-01 8.641764974026051871e-02
3.286319011726438477e-01 5.311720023629767917e-01 1.401960964643794438e-01
4.263289687840701725e-01 4.659360660839123036e-01 1.077349651320174823e-01
4.055047278904436725e-01 5.062496493012884624e-01 8.824562280826797611e-02
3.919673865356008702e-01 5.137535804722153099e-01 9.427903299218381994e-02
4.856100011283707718e-01 4.579263738899206904e-01 5.646362498170851008e-02
3.293217862150114583e-01 5.373234701331328633e-01 1.333547436518557339e-01
4.270911352596309940e-01 4.699863536152475985e-01 1.029225111251215324e-01
