7.072332767824805744e-02 7.947122814948461011e-02 8.498054441722673324e-01
7.855751346183049988e-02 7.766420497368356490e-02 8.437782815644858658e-01
8.240672418468854288e-02 7.772674638173179829e-02 8.398665294335796450e-01
7.936960856458194491e-02 8.329982852326539566e-02 8.373305629121527982e-01
7.782315946336222645e-02 7.428957120532478364e-02 8.478872693313130871e-01
6.356241540963511460e-02 7.408558735072642842e-02 8.623519972396385125e-01
7.230070627887394408e-02 7.609290191074667697e-02 8.516063918103793373e-01
7.940038058755718997e-02 8.664053489426405685e-02 8.339590845181787948e-01
7.637004039123680699e-02 9.213687025664207830e-02 8.314930893521210731e-01
7.479515747864498576e-02 8.333462057858508076e-02 8.418702219427699474e-01
6.948914684099785632e-02 6.657414654322878211e-02 8.639367066157734865e-01
8.253808889968464180e-02 8.375194712722396073e-02 8.337099639730914946e-01
8.920697176681120777e-02 9.396447928665370430e-02 8.168285489465350047e-01
8.623391431265556295e-02 9.933797244492061085e-02 8.144281132424238123e-01
8.484825110462539122e-02 9.080059080203774224e-02 8.243511580933369221e-01
6.513349172276178267e-02 7.714382302269724712e-02 8.577226852545409841e-01
7.282482016870837904e-02 7.576217476117012850e-02 8.514130050701215202e-01
7.991797431800121143e-02 8.623031767981971518e-02 8.338517080021792260e-01
7.686971772814933657e-02 9.174262395982690776e-02 8.313876583120237695e-01
7.532439873496885041e-02 8.291384860052299077e-02 8.417617526645081449e-01
6.899081943577349552e-02 7.161910933246820599e-02 8.593900712317583679e-01
7.196779075718753860e-02 7.607723425224970082e-02 8.519549749905627190e-01
7.412871148640554075e-02 7.656585627055645382e-02 8.493054322430380054e-01
7.074709569411823107e-02 8.183704816063633314e-02 8.474158561452455052e-01
6.849595460824274562e-02 7.457371313773644705e-02 8.569303322540208212e-01
6.215605053735035607e-02 6.598535999394790352e-02 8.718585894687017612e-01
6.612243970246511893e-02 7.297988246398852408e-02 8.608976778335464264e-01
7.252424546310547171e-02 8.323649986042545856e-02 8.442392546764690975e-01
6.917680764065262111e-02 8.845159886684129946e-02 8.423715934925061211e-01
6.684892731285427270e-02 8.125065637785244821e-02 8.519004163092932513e-01
6.730605831530317440e-02 6.078802348104152958e-02 8.719059182036552613e-01
7.641387860187930092e-02 8.002918355531737915e-02 8.435569378428032783e-01
8.248209387749121102e-02 8.996618952576281025e-02 8.275517165967459787e-01
7.915808773601717974e-02 9.508113489849018274e-02 8.257607773654925820e-01
7.698411662186591120e-02 8.809138068750325956e-02 8.349245026906307876e-01
6.243631017525460430e-02 7.028207440015553364e-02 8.672816154245899245e-01
6.549822286147831407e-02 7.501493933114990187e-02 8.594868378073717841e-01
7.146885258340501812e-02 8.431946487578848015e-02 8.442116825408064740e-01
6.810814475981509519e-02 8.954493754791661986e-02 8.423469176922683266e-01
6.578757166648827037e-02 8.233989641433714368e-02 8.518725319191746692e-01
6.785861133784899801e-02 7.498947672794571695e-02 8.571519119342052573e-01
7.053776459624981621e-02 7.987167884987286803e-02 8.495905565538773851e-01
7.355144532041062166e-02 8.002127363623089129e-02 8.464272810433585148e-01
7.099623112601295694e-02 8.467340685830491986e-02 8.443303620156821232e-01
6.917134887048491387e-02 7.664821582140732281e-02 8.541804353081077217e-01
6.258031709735556447e-02 6.724404737833088175e-02 8.701756355243135399e-01
6.674560495259636295e-02 7.519318209854021495e-02 8.580612129488633943e-01
7.391918215964317362e-02 8.500281905154705164e-02 8.410779987888097331e-01
7.139256844853397732e-02 8.960021371608241358e-02 8.390072178353836785e-01
6.953654767538418324e-02 8.170306035190555427e-02 8.487603919727102486e-01
6.730273717589572990e-02 6.312267247899365497e-02 8.695745903451107539e-01
7.649191538024241455e-02 8.294309378226634444e-02 8.405649908374912549e-01
8.332687798855986649e-02 9.241920800021379001e-02 8.242539140112263851e-01
8.080792940730076312e-02 9.692354969113078922e-02 8.222685209015685448e-01
7.909183303458239278e-02 8.926415623607968086e-02 8.316440107293380235e-01
6.195050343940856213e-02 7.294163185588621590e-02 8.651078647047052428e-01
6.469736762683728215e-02 7.808667916115698271e-02 8.572159532120057213e-01
7.168490568228359783e-02 8.728017614119794321e-02 8.410349181765185422e-01
6.914416293953708215e-02 9.188872143421175642e-02 8.389671156262511476e-01
6.728300171089088288e-02 8.399996892220368272e-02 8.487170293669054066e-01
6.645602652509605135e-02 7.851935169732418562e-02 8.550246217775797630e-01
7.192205458188559442e-02 8.011828244790858422e-02 8.479596629702058630e-01
7.350239334024601112e-02 8.119774375167226887e-02 8.452998629080816784e-01
6.932973381513989064e-02 8.751192287382505985e-02 8.431583433110351189e-01
6.692873412384327259e-02 8.061772028267390200e-02 8.524535455934828532e-01
5.755237042777505696e-02 7.537734796065827247e-02 8.670702816115667400e-01
6.369234617037944357e-02 7.924367497367379443e-02 8.570639788559467620e-01
6.898816267226692833e-02 9.103813801245190518e-02 8.399736993152812081e-01
6.486370668037018394e-02 9.728458255411759348e-02 8.378517107655123475e-01
6.227866804851057286e-02 9.000396398906186646e-02 8.477173679624275815e-01
6.369180835656999828e-02 6.756361005390475183e-02 8.687445815895251666e-01
7.448602155757190479e-02 8.605976628065391265e-02 8.394542121617741826e-01
7.944571480650128303e-02 9.751000496230032011e-02 8.230442802311984662e-01
7.535349538830207750e-02 1.036371133665359573e-01 8.210093912451620346e-01
7.294064711086241382e-02 9.656918563610976391e-02 8.304901672530278223e-01
5.955372469402083618e-02 7.761105960304694185e-02 8.628352157029322012e-01
6.521151805162520021e-02 7.950658136471604187e-02 8.552819005836587163e-01
7.003627024808189994e-02 9.012274981966053589e-02 8.398409799322574809e-01
6.589488824207583029e-02 9.638317362406891020e-02 8.377219381338552040e-01
6.334341764004500219e-02 8.907381204062460311e-02 8.475827703193303808e-01
6.382143942176173035e-02 8.248339018147363144e-02 8.536951703967645688e-01
6.960741211439384901e-02 8.365198553964388328e-02 8.467406023459622677e-01
7.116671079705279290e-02 8.369947365914275073e-02 8.451338155438044009e-01
6.712500465860339605e-02 8.993905610575954335e-02 8.429359392356371439e-01
6.492179313377705041e-02 8.367417885599062743e-02 8.514040280102322944e-01
5.439169187056717980e-02 8.001964755859136691e-02 8.655886605708414949e-01
6.053133093923426800e-02 8.259074024749911425e-02 8.568779288132665206e-01
6.601161746147127252e-02 9.422495076885477328e-02 8.397634317696739403e-01
6.196647873189713163e-02 1.004085764413047421e-01 8.376249448267980569e-01
5.940089116623649412e-02 9.308431048390376772e-02 8.475147983498596549e-01
6.047862107134795856e-02 7.091649455859930229e-02 8.686048843700527877e-01
7.148508210726169099e-02 8.924307918237445181e-02 8.392718387103637045e-01
7.662950354908733275e-02 1.005421942568971855e-01 8.228283021940155928e-01
7.261423723107954253e-02 1.066082672055722325e-01 8.207774955633483360e-01
7.022159729478281986e-02 9.949700148811506384e-02 8.302814012171021441e-01
5.715135574994146400e-02 8.129175276720233823e-02 8.615568914828561908e-01
6.307212259615141425e-02 8.269736947856302922e-02 8.542305079252855426e-01
6.786439537871437333e-02 9.251219920205946967e-02 8.396234054192261986e-01
6.380306319102461987e-02 9.870915297769332353e-02 8.374877838312819733e-01
6.127923806306050103e-02 9.134788483217477773e-02 8.473728771047648323e-01
6.967277016285763902e-02 8.196767065324485346e-02 8.483595591838976047e-01
7.795426160115746794e-02 7.993199342894731496e-02 8.421137449698952171e-01
8.086116657306649524e-02 8.082182819940168794e-02 8.383170052275318307e-01
7.788060912659088009e-02 8.627257951974498518e-02 8.358468113536642319e-01
7.616371482755866784e-02 7.744105923005829839e-02 8.463952259423830338e-01
6.250887964541164410e-02 7.634723386333176764e-02 8.611438864912565050e-01
7.164822304066033321e-02 7.808522603723902500e-02 8.502665509221006834e-01
7.778109382877215761e-02 8.972650011552985028e-02 8.324924060556979644e-01
7.473223921848420881e-02 9.509619924290538262e-02 8.301715615386103808e-01
7.306198185614382057e-02 8.647576751784835647e-02 8.404622506260077675e-01
6.950593668959084703e-02 6.782612634887695557e-02 8.626679369615323223e-01
8.279202090371594325e-02 8.491977447727799833e-02 8.322882046190061001e-01
8.861900323470006668e-02 9.620378537444256029e-02 8.151772113908573036e-01
8.563112318405498302e-02 1.014693342174961821e-01 8.128995425984488765e-01
8.403462036489937892e-02 9.309710158315423478e-02 8.228682780519464002e-01
6.467585800406668028e-02 7.907342499332346841e-02 8.562507170026097958e-01
7.284377692880908417e-02 7.746645566292767460e-02 8.496897674082632967e-01
7.884339342904875259e-02 8.876985596441236415e-02 8.323867506065388833e-01
7.576260067132543907e-02 9.415740341572559347e-02 8.300799959129491201e-01
7.414120084366446206e-02 8.550310052570515851e-02 8.403556986306303100e-01
6.779371553162404085e-02 7.385519273477043900e-02 8.583510917336055757e-01
7.102930333751604486e-02 7.821817233578796935e-02 8.507525243266960135e-01
7.213264722488572922e-02 7.960158252025899273e-02 8.482657702548553891e-01
6.880375922020570689e-02 8.476629715769216922e-02 8.464299436221021100e-01
6.631576893641530357e-02 7.762302505714326062e-02 8.560612060064414219e-01
6.094267167637976157e-02 6.802124337231671425e-02 8.710360849513035797e-01
6.519032663466169109e-02 7.490940159713944946e-02 8.599002717681989427e-01
7.052056836459559552e-02 8.622627276519960471e-02 8.432531588702046887e-01
6.722659269033184892e-02 9.133524675544517357e-02 8.414381605542229359e-01
6.469124078896573704e-02 8.430757930603059724e-02 8.510011799050035686e-01
6.714621694530693852e-02 6.200552615233101417e-02 8.708482569023620057e-01
7.644903561631495592e-02 8.117856523814701020e-02 8.423723991455379645e-01
8.144695289056094745e-02 9.216734279469665503e-02 8.263857043147423420e-01
7.817525022768380405e-02 9.717815961634052035e-02 8.246465901559757450e-01
7.580736291460277165e-02 9.035347034122336030e-02 8.338391667441737987e-01
6.174093411536349385e-02 7.204453473873226321e-02 8.662145311459041874e-01
6.514094965992725528e-02 7.659250035330791850e-02 8.582665499867647707e-01
6.998244012921298052e-02 8.682794080748527932e-02 8.431896190633018096e-01
6.667337350184794620e-02 9.194836322152710739e-02 8.413782632766247938e-01
6.415162151890271836e-02 8.491155411784090390e-02 8.509368243632563500e-01
6.656783264671838063e-02 7.733973677733831098e-02 8.560924305759433084e-01
6.949686752224233655e-02 8.213635208045715064e-02 8.483667803973005128e-01
7.149668788064390823e-02 8.322005988393511855e-02 8.452832522354210010e-01
6.902724483291398927e-02 8.774150171348729654e-02 8.432312534535986170e-01
6.701020154984703436e-02 7.987370855224110167e-02 8.531160898979118778e-01
6.136385319764988550e-02 6.933373690171359960e-02 8.693024099006365635e-01
6.579981847206234358e-02 7.721891125492763575e-02 8.569812702730100762e-01
7.193801469704853846e-02 8.810422710741484809e-02 8.399577581955366412e-01
6.949787052961495237e-02 9.257117730475139528e-02 8.379309521656337356e-01
6.745462945588485970e-02 8.484284555972153308e-02 8.477025249843935795e-01
6.729996155407350078e-02 6.425137743541180224e-02 8.684486610105146553e-01
7.649794923836300553e-02 8.416468693162640347e-02 8.393373638300104522e-01
8.229736426819700412e-02 9.470853499146227039e-02 8.229941007403407394e-01
7.986243114866654891e-02 9.908547770871121985e-02 8.210520911426223423e-01
7.797192480400476355e-02 9.158614333017930931e-02 8.304419318658159410e-01
6.131009893330830601e-02 7.473477011440546325e-02 8.639551309522862654e-01
6.428619553366424211e-02 7.980684925446998590e-02 8.559069552118657720e-01
7.016849461199860249e-02 8.991528387531572131e-02 8.399162215126856346e-01
6.771231324158878684e-02 9.439473242436779987e-02 8.378929543340434272e-01
6.566978847811169584e-02 8.666934689968856798e-02 8.476608646221996946e-01
6.506755034117624181e-02 8.097652522754754389e-02 8.539559244312762143e-01
7.104157813183038794e-02 8.235856220253758020e-02 8.465998596656321151e-01
7.158140864133183401e-02 8.431577865397160698e-02 8.441028127046965590e-01
6.741785684315047822e-02 9.055048918599539753e-02 8.420316539708539993e-01
6.478114382751808120e-02 8.382359933493933879e-02 8.513952568375425800e-01
5.618503205549722074e-02 7.763676537238581310e-02 8.661782025721170841e-01
6.270482177487203546e-02 8.129732454365334871e-02 8.559978536814745187e-01
6.692696047803717296e-02 9.419421530143488874e-02 8.388788242205280632e-01
6.281275375795422611e-02 1.003597804552493616e-01 8.368274657867964539e-01
6.000894467952246070e-02 9.326956545547071542e-02 8.467214898650069488e-01
6.350299268485978810e-02 6.884058449167068661e-02 8.676564228234696641e-01
7.446373507964854088e-02 8.730062663137781731e-02 8.382356382889736279e-01
7.835087425736293743e-02 9.984432868982975884e-02 8.218047970528074009e-01
7.426835626188872663e-02 1.058926464446556387e-01 8.198389972934555514e-01
7.165039877866628826e-02 9.900611530190490950e-02 8.293434859194287467e-01
5.906066849781833883e-02 7.940528002631107307e-02 8.615340514758706991e-01
6.481321183290800203e-02 8.128152282253604810e-02 8.539052653445559082e-01
6.855898317314984558e-02 9.273876457066526635e-02 8.387022522561848881e-01
6.442608159743018481e-02 9.891939025848042744e-02 8.366545281440894710e-01
6.166275730521086906e-02 9.179493436835858833e-02 8.465423083264306259e-01
6.246773928552572935e-02 8.490266335951845988e-02 8.526295973549558038e-01
6.870124243936365227e-02 8.588269686650419621e-02 8.454160606941321099e-01
6.925945174500258705e-02 8.677713467523895385e-02 8.439634135797583481e-01
6.524368802472832463e-02 9.292279280759853377e-02 8.418335191676731277e-01
6.282834799551299809e-02 8.681185817161050922e-02 8.503597938328765204e-01
5.297172647676053753e-02 8.229006528301809065e-02 8.647382082402212955e-01
5.949651410421557401e-02 8.464650169285446724e-02 8.558569842029301045e-01
6.395478075226281034e-02 9.734356025251778011e-02 8.387016589952195345e-01
5.991992796661967102e-02 1.034472081050227116e-01 8.366328639283575619e-01
5.713785985430683972e-02 9.631159102042088915e-02 8.465505491252722781e-01
6.022284149300225625e-02 7.221438648007001693e-02 8.675627720269277754e-01
7.140199817732338639e-02 9.050319747734301978e-02 8.380948043453336771e-01
7.552010000467676565e-02 1.028579209993317617e-01 8.216219789959914310e-01
7.151433530385124804e-02 1.088463019150245070e-01 8.196393627811242588e-01
6.891872871249762889e-02 1.019147912284483759e-01 8.291664800590540230e-01
5.635400755201451506e-02 8.322446810415520813e-02 8.604215243438303462e-01
6.272775043898924652e-02 8.452740340685835352e-02 8.527448461541523583e-01
6.640859885494374004e-02 9.508421527748256441e-02 8.385071858675737788e-01
6.235571215154129404e-02 1.012023387654617385e-01 8.364419490829969606e-01
5.962250154243046302e-02 9.402426052621830344e-02 8.463532379313510878e-01
6.856431361386530754e-02 8.600716838791092056e-02 8.454285179982238274e-01
7.790533016574353875e-02 8.314526121957538374e-02 8.389494086146811469e-01
7.850588052484804014e-02 8.794621193123225433e-02 8.335479075439196084e-01
7.432257336470012021e-02 9.440845060417034362e-02 8.312689760311294807e-01
7.245978824426953235e-02 8.573517180332726473e-02 8.418050399524031890e-01
5.837122332717577244e-02 8.287487753708423777e-02 8.587538991357399620e-01
6.872418226783334749e-02 8.533321369854061922e-02 8.459426040336259778e-01
7.181995126158075005e-02 1.001668268013040514e-01 8.280132219371152402e-01
6.771520382092162393e-02 1.065351802881811388e-01 8.257496158908972372e-01
6.573276065194837148e-02 9.811085981823677860e-02 8.361563795298148083e-01
6.672150737990063807e-02 7.490950741524642076e-02 8.583689852048529412e-01
8.005332038992435395e-02 9.241094501850805054e-02 8.275357345915675955e-01
8.296470213730078314e-02 1.068073507657449767e-01 8.102279470969542263e-01
7.882739587217910127e-02 1.130459980857488750e-01 8.081266060420719821e-01
7.706502946665502729e-02 1.048770810813637877e-01 8.180578894519811017e-01
6.248836504840899614e-02 8.410695499666039077e-02 8.534046799549305229e-01
7.191870438778355523e-02 8.233923225421568848e-02 8.457420633580008396e-01
7.494214201228688310e-02 9.730898347597528864e-02 8.277488745117378421e-01
7.074989916107068955e-02 1.036951911129556925e-01 8.255549097259735625e-01
6.883052513648059423e-02 9.521484549112295415e-02 8.359546293723965071e-01
6.652224054440326884e-02 7.754426258329302768e-02 8.559334968723036896e-01
7.047359795561437823e-02 8.127385401367688555e-02 8.482525480307087085e-01
6.920043467980667440e-02 8.600390153591720710e-02 8.447956637842761740e-01
6.462252299234644282e-02 9.207451921779419290e-02 8.433029577898594198e-01
6.190160220202722136e-02 8.501661773542068534e-02 8.530817800625520864e-01
5.653078790526447350e-02 7.394893993193729642e-02 8.695202721627981468e-01
6.175169883865096881e-02 8.145129191349588516e-02 8.567970092478531807e-01
6.387914149891051052e-02 9.574950388825007042e-02 8.403713546128394052e-01
5.934299431913303557e-02 1.017640039342389419e-01 8.388930017466279532e-01
5.653062805094128535e-02 9.489059970332046345e-02 8.485787722457381888e-01
6.400838772202520344e-02 6.842148672279428634e-02 8.675701255551805380e-01
7.316535933616821752e-02 8.802990544032175679e-02 8.388047352235099563e-01
7.501362083621608556e-02 1.019361594932257642e-01 8.230502196705581364e-01
7.052468019847520087e-02 1.078370098428868551e-01 8.216383099586379579e-01
6.789552326813666494e-02 1.011668506249925603e-01 8.309376261068708303e-01
5.938513153608709211e-02 7.649726212177558604e-02 8.641176063421374121e-01
6.342073977885184788e-02 8.053082597859675951e-02 8.560484342425515036e-01
6.538667540783626997e-02 9.454122678722187700e-02 8.400720978049418530e-01
6.083325189359843621e-02 1.005672764974302885e-01 8.385994716089713030e-01
5.806105887514124986e-02 9.366523151187965135e-02 8.482737096129790988e-01
6.495202363605304119e-02 8.121009169559131879e-02 8.538378846683556400e-01
6.873557115626009739e-02 8.532284312813884219e-02 8.459415857156010743e-01
6.835326404512043208e-02 9.002583589294729793e-02 8.416209000619322422e-01
6.463082717050318282e-02 9.553591646529001336e-02 8.398332563642066928e-01
6.242149702701385583e-02 8.778207494123817234e-02 8.497964280317479302e-01
5.697727792384595785e-02 7.547291007943753016e-02 8.675498119967165467e-01
6.221586204464456260e-02 8.417856992682035133e-02 8.536055680285350444e-01
6.512390184391105008e-02 9.822253934588742741e-02 8.366535588102015364e-01
6.144194577038450400e-02 1.036724849289364092e-01 8.348855693006791423e-01
5.916131821903014565e-02 9.609894280916678189e-02 8.447397389718031002e-01
6.406709254136243314e-02 7.102840995103673616e-02 8.649044975076007891e-01
7.309978982820102000e-02 9.138243333471597618e-02 8.355177768370830593e-01
7.565452109720728624e-02 1.050182600893964924e-01 8.193272188133960965e-01
7.209831223327473060e-02 1.103672780215014110e-01 8.175344097452237335e-01
6.995281018089063996e-02 1.030154319912316291e-01 8.270317578278777448e-01
5.862475101650808235e-02 7.950467333756015831e-02 8.618705756459318357e-01
6.248985846527856103e-02 8.407782503861178924e-02 8.534323164961097330e-01
6.534882960039763156e-02 9.813596315632755474e-02 8.365152072432747721e-01
6.164684505834972655e-02 1.036005165769295494e-01 8.347526383647206893e-01
5.939257563606849949e-02 9.600816515609449098e-02 8.445992592078370720e-01
6.396836847515958990e-02 8.474610371682973764e-02 8.512855278080107002e-01
7.072074188831470321e-02 8.551680043627396532e-02 8.437624576754113592e-01
6.892133973845875061e-02 9.076899637529742271e-02 8.403096638862437295e-01
6.357653147233380264e-02 9.785609037910529551e-02 8.385673781485609712e-01
6.057545370120957090e-02 9.073322966459580752e-02 8.486913166341946146e-01
5.199078091221792652e-02 8.367357617254143898e-02 8.643356429152406761e-01
5.948512714714559307e-02 8.784571426196949306e-02 8.526691585908848792e-01
6.067581499070766327e-02 1.036645102915098315e-01 8.356596747177824636e-01
5.538562323284974831e-02 1.106786412476686715e-01 8.339357355194815247e-01
5.225936035050426920e-02 1.037821210327847660e-01 8.439585186167110065e-01
6.041374975762344585e-02 7.536890987871060210e-02 8.642173403636659312e-01
7.142651832095386899e-02 9.417222541994996199e-02 8.344012562590961135e-01
7.228504263184766521e-02 1.095685500984949629e-01 8.181464072696573719e-01
6.712030062034315958e-02 1.164568076017144377e-01 8.164228917779423611e-01
6.417422313370307885e-02 1.097596056644704748e-01 8.260661712018264602e-01
5.671741532756111731e-02 8.408927915664148045e-02 8.591933055157975341e-01
6.340616447522683108e-02 8.526642700491264548e-02 8.513274085198605512e-01
6.432992924495611886e-02 1.004420885525232204e-01 8.352279822025205913e-01
5.901931042634196017e-02 1.074708348018973275e-01 8.335098547717607609e-01
5.596077634968253667e-02 1.005204400169825985e-01 8.435187836333348788e-01
6.125910112933378310e-02 8.865512283535842419e-02 8.500857760353078829e-01
6.835906414079213900e-02 8.900416862848350985e-02 8.426367672307243373e-01
6.676320798622374653e-02 9.300879700697933794e-02 8.402279950067967906e-01
6.153604026767012930e-02 1.000066356691091951e-01 8.384573240632207103e-01
5.864177575906176498e-02 9.284862132060221762e-02 8.485096029203360590e-01
4.881004289409742597e-02 8.818654282195005634e-02 8.630034142839525524e-01
5.635158847888009637e-02 9.096487214140300259e-02 8.526835393797169704e-01
5.789857867956960807e-02 1.065069596504868293e-01 8.355944616699435556e-01
5.272632943297247271e-02 1.134312030086640222e-01 8.338424675583636647e-01
4.962320799637816304e-02 1.064883853429064164e-01 8.438884066607155177e-01
5.722908909146410400e-02 7.850511908464569144e-02 8.642657918238901837e-01
6.844955547427118703e-02 9.715483075087665010e-02 8.343956137748521629e-01
6.964639445081405311e-02 1.122860371365775184e-01 8.180675684126083036e-01
6.460580656379504016e-02 1.190796990141665262e-01 8.163144944220384058e-01
6.168145274854284349e-02 1.123385876839217284e-01 8.259799595675354489e-01
5.426309880659391932e-02 8.769670997865457174e-02 8.580401912147516130e-01
6.130690629880591880e-02 8.839187250397764761e-02 8.503012211972164058e-01
6.234165251713132128e-02 1.025495853407255020e-01 8.351087621421432461e-01
5.715013493890143403e-02 1.094873641681330251e-01 8.333625008929655964e-01
5.412309135332869087e-02 1.024832527505384755e-01 8.433936558961329100e-01
6.342153112504654577e-02 8.867721393074583236e-02 8.479012549442076496e-01
7.206806794820372342e-02 8.623490116838315733e-02 8.416970308834129666e-01
7.613803789173712033e-02 8.650018840200519865e-02 8.373617737062576394e-01
7.156163760612212210e-02 9.345107616055049748e-02 8.349872862333274082e-01
6.986769911737514271e-02 8.476751544602501021e-02 8.453647854365998748e-01
5.393304941944687680e-02 8.511893872465622901e-02 8.609480118558968664e-01
6.346381220590611993e-02 8.729580263521613537e-02 8.492403851588777863e-01
7.000494369387803839e-02 9.844448903560820696e-02 8.315505672705136853e-01
6.585900967266150596e-02 1.051538411601804363e-01 8.289871491671579884e-01
6.386528017603863849e-02 9.674502771062763740e-02 8.393896921133336964e-01
6.228676586272541976e-02 7.603837509223081159e-02 8.616748590450437062e-01
7.519769955217207869e-02 9.355288384629077691e-02 8.312494166015370611e-01
8.143378598970525684e-02 1.043680312812988453e-01 8.141981827289958007e-01
7.721244771724032618e-02 1.109305035559018937e-01 8.118570487268579328e-01
7.534702830494348358e-02 1.027795180581252688e-01 8.218734536369313171e-01
5.816687382441556448e-02 8.609603585593741948e-02 8.557370903196470646e-01
6.663480171779423422e-02 8.412740785073273553e-02 8.492377904314729609e-01
7.312586107823720871e-02 9.531867949694394770e-02 8.315554594248188991e-01
6.897279581626605816e-02 1.020479361112966443e-01 8.289792680724372698e-01
6.703661233242450002e-02 9.358152214016811354e-02 8.393818655274074558e-01
6.125393636127075825e-02 7.992235162894288647e-02 8.588237120097863553e-01
6.490258994486289290e-02 8.388965784821732219e-02 8.512077522069197988e-01
6.707183063828577041e-02 8.483338625381728337e-02 8.480947831078968768e-01
6.233683600670265890e-02 9.128627167171571299e-02 8.463768923215817530e-01
5.969842052230403540e-02 8.425203269267753092e-02 8.560495467850184337e-01
5.189977654964719744e-02 7.607044053173145359e-02 8.720297829186213212e-01
5.667712737244258447e-02 8.332822274995643763e-02 8.599946498776008807e-01
6.244145084414039204e-02 9.425142947222757417e-02 8.433071196836320338e-01
5.775330306960059501e-02 1.006388288254071867e-01 8.416078681049922183e-01
5.503407960744392119e-02 9.377250070761633527e-02 8.511934196849396672e-01
5.958528682250290726e-02 6.953324604105498574e-02 8.708814671364421001e-01
6.855008613132777817e-02 8.907362887190981016e-02 8.423762849967625366e-01
7.396012399177456786e-02 9.968639449145742792e-02 8.263534815167680181e-01
6.931960004095887029e-02 1.059537345687094761e-01 8.247266653903315703e-01
6.678055906393269570e-02 9.928056227191152383e-02 8.339388786641558360e-01
5.495155000296420011e-02 7.838805793114311804e-02 8.666603920658927374e-01
5.874503968041529939e-02 8.258288951012078549e-02 8.586720708094639498e-01
6.415863942992927615e-02 9.275501157074492187e-02 8.430863489993257742e-01
5.945446519663205587e-02 9.915409474947017854e-02 8.413914400538977656e-01
5.677389245807040047e-02 9.225749533196825336e-02 8.509686122099613392e-01
5.990871950585643230e-02 8.367811860247154065e-02 8.564131618916720479e-01
6.322412789064621452e-02 8.806434627216642996e-02 8.487115258371872306e-01
6.632383672090089166e-02 8.876178053618155595e-02 8.449143827429175246e-01
6.240554154972517004e-02 9.466554452764448790e-02 8.429289139226303629e-01
6.025416408060733919e-02 8.692001625039273704e-02 8.528258196689999515e-01
5.224624723842984791e-02 7.771533669418506651e-02 8.700384160673849676e-01
5.712971071838155585e-02 8.612447254043874290e-02 8.567458167411796666e-01
6.370710337313395533e-02 9.659532179882775182e-02 8.396975748280381957e-01
5.983328036455989873e-02 1.024307259765689232e-01 8.377359936588710809e-01
5.761994246485951238e-02 9.486308492807733750e-02 8.475169726070630460e-01
5.973057619543591101e-02 7.210822581521220132e-02 8.681611979893518738e-01
6.847885463019262597e-02 9.248184444364904166e-02 8.390393009261584156e-01
7.469152527976953559e-02 1.026341546886158917e-01 8.226743200316145588e-01
7.084798408647377532e-02 1.083560816926126685e-01 8.207959342209136810e-01
6.880069348785732009e-02 1.010060206200308758e-01 8.301932858921117209e-01
5.437616394251609808e-02 8.138382456047177360e-02 8.642400114970121283e-01
5.773939207548758890e-02 8.599643735546179391e-02 8.562641705690505756e-01
6.418712950001088935e-02 9.622656128161061195e-02 8.395863092183786236e-01
6.029467993320993674e-02 1.020765094024007752e-01 8.376288106643893228e-01
5.810728794212998566e-02 9.448860639578209042e-02 8.474041056620880141e-01
5.902046487835108102e-02 8.718581614523550349e-02 8.537937189764134294e-01
6.517290639665514196e-02 8.827698322074198356e-02 8.465501103826028606e-01
6.669887073001828925e-02 8.963560220202794471e-02 8.436655270679538354e-01
6.124979916205653546e-02 9.711100091884064534e-02 8.416391999191027429e-01
5.835900434586390600e-02 9.006365563861919166e-02 8.515773400155168815e-01
4.766533719371227051e-02 8.577975120545942855e-02 8.665549116008282038e-01
5.453966520223953174e-02 8.980925057916172571e-02 8.556510842185987009e-01
5.924333517553612843e-02 1.022296637818656539e-01 8.385270010425981413e-01
5.385461523750227630e-02 1.096202682107321746e-01 8.365251165517655352e-01
5.084799865824693454e-02 1.027234590542933229e-01 8.464285422874596732e-01
5.621972516208888215e-02 7.649811616924355462e-02 8.672821586686675355e-01
6.685473915701908854e-02 9.531157511127989757e-02 8.378336857317009168e-01
7.120364970707178387e-02 1.073965726610118521e-01 8.213997776319164057e-01
6.586884182072559601e-02 1.146488477834093911e-01 8.194823103958650545e-01
6.305945808926546881e-02 1.079459469750822381e-01 8.289945949356523069e-01
5.252678541138598722e-02 8.592276641159340977e-02 8.615504481770206446e-01
5.871826707361052500e-02 8.734682743670886540e-02 8.539349054896806512e-01
6.300221839088843145e-02 9.870317209050318008e-02 8.382946095186084579e-01
5.759327674063731417e-02 1.061098595317446353e-01 8.362968637276181338e-01
5.465065501682270233e-02 9.915674353330292123e-02 8.461926014498742932e-01
5.661709829768546420e-02 9.094959546962232133e-02 8.524333062326923116e-01
6.307458109912264521e-02 9.163766166533425517e-02 8.452877572355430580e-01
6.469155715330125733e-02 9.186586741696899094e-02 8.434425754297297795e-01
5.936669453543854530e-02 9.919694008866784818e-02 8.414363653758936135e-01
5.669389449230521211e-02 9.287252333356083023e-02 8.504335821741338952e-01
4.480884833930546401e-02 9.013505977387260837e-02 8.650560918868220872e-01
5.170672229223597510e-02 9.279208787567248817e-02 8.555011898320914465e-01
5.664259806746763798e-02 1.050207940445256338e-01 8.383366078880067906e-01
5.140376004544351674e-02 1.122853985528376314e-01 8.363108414017188519e-01
4.841478826084770481e-02 1.053486424402913374e-01 8.462365692988609300e-01
5.330469511781157910e-02 7.953850275912549561e-02 8.671568021230630086e-01
6.413118191568571713e-02 9.818798607712363180e-02 8.376808320071906788e-01
6.871002391307083623e-02 1.100834763855881721e-01 8.212064997013410750e-01
6.352130476082677724e-02 1.172126997880884730e-01 8.192659954510846942e-01
6.072946458460857372e-02 1.104708444944252216e-01 8.287996909209660590e-01
5.033451531027059722e-02 8.940339016683589157e-02 8.602620945228934835e-01
5.685861884139061656e-02 9.045958204877917186e-02 8.526817991098303295e-01
6.112878840045047474e-02 1.007807765454512838e-01 8.380904350540983039e-01
5.587039459218218901e-02 1.080608911772049652e-01 8.360687142306127972e-01
5.295279922145221946e-02 1.010605153493160796e-01 8.459866854292317218e-01
7.166750420083721484e-02 8.013380532135214174e-02 8.481986904778107128e-01
7.896707944320147110e-02 7.896935686612080452e-02 8.420635636906778076e-01
8.269798285449941888e-02 7.905483967747044260e-02 8.382471774680301246e-01
7.842981872934734477e-02 8.562226228678168627e-02 8.359479189838709967e-01
7.722434779804694671e-02 7.643383232817659023e-02 8.463418198737764353e-01
6.378896820591277439e-02 7.511388451265677002e-02 8.610971472814303862e-01
7.191219728422569568e-02 7.785327845201668595e-02 8.502345242637576739e-01
7.850436284364295525e-02 8.901079117297452936e-02 8.324848459833825709e-01
7.452684521567902454e-02 9.536864099433227382e-02 8.301045137899886184e-01
7.315233185224193080e-02 8.642034756239871940e-02 8.404273205853592943e-01
7.028522513743873379e-02 6.708286269451479988e-02 8.626319121680463553e-01
8.236479041626203201e-02 8.544613844844897721e-02 8.321890711352889491e-01
8.863518007953082034e-02 9.623088121918009497e-02 8.151339387012891402e-01
8.472738664742671122e-02 1.024645695149436070e-01 8.128080438376297234e-01
8.343312607429435868e-02 9.377692297062434346e-02 8.227899509550812285e-01
6.620413312369076431e-02 7.777029410029119572e-02 8.560255727760179845e-01
7.338185718506642918e-02 7.702010160861476329e-02 8.495980412063188769e-01
7.983223861692421985e-02 8.778879113111287547e-02 8.323789702519628353e-01
7.582479719206518254e-02 9.416453036313217340e-02 8.300106724448026441e-01
7.449932801629137458e-02 8.518010705001557992e-02 8.403205649336931149e-01
6.995195407530760412e-02 7.217333174506401772e-02 8.578747141796283504e-01
7.202966650501746448e-02 7.746411549794213203e-02 8.505062179970404035e-01
7.371522742826892849e-02 7.818694605740472703e-02 8.480978265143264139e-01
6.934843124452920449e-02 8.431388048886107045e-02 8.463376882666097112e-01
6.723315433964423271e-02 7.683999974892279095e-02 8.559268459114330874e-01
6.231011606414356419e-02 6.692166713341105022e-02 8.707682168024454272e-01
6.540204183319006659e-02 7.478054641554555959e-02 8.598174117512643599e-01
7.113098144819225699e-02 8.570410360339636435e-02 8.431649149484113925e-01
6.680755510158611910e-02 9.176802578519119291e-02 8.414244191132227435e-01
6.462500649368926875e-02 8.441037864772124588e-02 8.509646148585895409e-01
6.794744854523925015e-02 6.133093416146443572e-02 8.707216172932962239e-01
7.591567844244005714e-02 8.174805370281090777e-02 8.423362678547490212e-01
8.132450701787063974e-02 9.233355369775589350e-02 8.263419392843733835e-01
7.704517886840624163e-02 9.828032067938224925e-02 8.246745004522115785e-01
7.501561224772980430e-02 9.113837676047475966e-02 8.338460109917954499e-01
6.332373741528231348e-02 7.088499236511229540e-02 8.657912702196053356e-01
6.563950522624779904e-02 7.631926944948531910e-02 8.580412253242668541e-01
7.087211431764910141e-02 8.605761519856472419e-02 8.430702704837861328e-01
6.653305842394506564e-02 9.213347634148952303e-02 8.413334652345654252e-01
6.436701130111238678e-02 8.476436908959633643e-02 8.508686196092911658e-01
6.877528586767894803e-02 7.556536378820084832e-02 8.556593503441201065e-01
7.053464809685602854e-02 8.132731914590014821e-02 8.481380327572437539e-01
7.313150798400554209e-02 8.170008574938025792e-02 8.451684062666141584e-01
6.964387855253897919e-02 8.720151190671211749e-02 8.431546095407489450e-01
6.799231386132885413e-02 7.898607246246569513e-02 8.530216136762053258e-01
6.303532316510770950e-02 6.801861220380341078e-02 8.689460646310889214e-01
6.607248383276080606e-02 7.702524539763799805e-02 8.569022707696011265e-01
7.264613454117413438e-02 8.746691363118282159e-02 8.398869518276430579e-01
6.919701497760269437e-02 9.290525049801159896e-02 8.378977345243857622e-01
6.750251666408793594e-02 8.483839689323169342e-02 8.476590864426803984e-01
6.817760693980340347e-02 6.348112598723565370e-02 8.683412670729608873e-01
7.601875181979010632e-02 8.470293708674123123e-02 8.392783110934687318e-01
8.226559830329233103e-02 9.479278974997147611e-02 8.229416119467362067e-01
7.884378954409958229e-02 1.001203194528116486e-01 8.210358910030887136e-01
7.728723545641198733e-02 9.229651367545035900e-02 8.304162508681376398e-01
6.301050592561566188e-02 7.346892849737124420e-02 8.635205655770131772e-01
6.482095190413493524e-02 7.950248057923943457e-02 8.556765675166255747e-01
7.112787105906022422e-02 8.904763767690147824e-02 8.398244912640382420e-01
6.766199634507738536e-02 9.449918525417733139e-02 8.378388184007452555e-01
6.597048336456412532e-02 8.643338665773610263e-02 8.475961299776996194e-01
6.727679483573138774e-02 7.928029698803243375e-02 8.534429081762361369e-01
7.201208490597815759e-02 8.161337133221908957e-02 8.463745437618027667e-01
7.312310136832492202e-02 8.287262417140106585e-02 8.440042744602741509e-01
6.793539255666228294e-02 9.010461942255099110e-02 8.419599880207866427e-01
6.565552758219359020e-02 8.291239322248074306e-02 8.514320791953257084e-01
5.738189237229016082e-02 7.666446348264135957e-02 8.659536441450684796e-01
6.286766808270821683e-02 8.121290836395186896e-02 8.559194235533399420e-01
6.747085230353710994e-02 9.371323509610846036e-02 8.388159126003544852e-01
6.234503703943236608e-02 1.008676231379127403e-01 8.367873398226549631e-01
5.986042143577771646e-02 9.346221068473697935e-02 8.466773678794854430e-01
6.424621077820509563e-02 6.819325259896642788e-02 8.675605366228286153e-01
7.392164181360814934e-02 8.791373650302498899e-02 8.381646216833668062e-01
7.820162240276748444e-02 1.000504725711806459e-01 8.217479050260518836e-01
7.312912566313417573e-02 1.070667211547809000e-01 8.198041531820848826e-01
7.081718880186224641e-02 9.987794635675779908e-02 8.293048648413799961e-01
6.057145474180217898e-02 7.831143641779342301e-02 8.611171088404044882e-01
6.527763972481204213e-02 8.108273280165900765e-02 8.536396274735288392e-01
6.940634715203040928e-02 9.197281826621882261e-02 8.386208345817508514e-01
6.426098977530159129e-02 9.914309897237209845e-02 8.365959112523263519e-01
6.182084115005035546e-02 9.169978663098622695e-02 8.464793722189634106e-01
6.449047710837864378e-02 8.334911035878461716e-02 8.521604125328368085e-01
6.959770211340737811e-02 8.521117211619518017e-02 8.451911257703974556e-01
7.081553724250025383e-02 8.537303564605001893e-02 8.438114271114496301e-01
6.572527273264411329e-02 9.250210420161178448e-02 8.417726230657440745e-01
6.357106380294573478e-02 8.616691097119355547e-02 8.502620252258606959e-01
5.407571147538522971e-02 8.141630176658312679e-02 8.645079867580316435e-01
5.961566230235206681e-02 8.459552462394495653e-02 8.557888130737030252e-01
6.445423320825668934e-02 9.690268371714806650e-02 8.386430830745952303e-01
5.944586708277414117e-02 1.039615867358065077e-01 8.365925461814194275e-01
5.696657420051037812e-02 9.652579832103914959e-02 8.465076274784505417e-01
6.090306426774274445e-02 7.162470485867419856e-02 8.674722308735829390e-01
7.084546553706143335e-02 9.113088442146644041e-02 8.380236500414720568e-01
7.535135528440384256e-02 1.030815781182729679e-01 8.215670665973232589e-01
7.039300430590042512e-02 1.100048463713173552e-01 8.196021493227821919e-01
6.808760398314755991e-02 1.027856188021587236e-01 8.291267772146937443e-01
5.801315232689337881e-02 8.209404687387922284e-02 8.598928007992273637e-01
6.312982072939962719e-02 8.427642055249295883e-02 8.525937587181074973e-01
6.721366244609250362e-02 9.435538432872714321e-02 8.384309532251803532e-01
6.218657577700222733e-02 1.014294318496601205e-01 8.363839923733377146e-01
5.976036865731413489e-02 9.394725680484417030e-02 8.462923745378417850e-01
