EM1 EM2 EM3
8.575021537828009244e-01 5.038860614601946980e-02 9.210924007117958501e-02
8.329410017968345015e-01 3.627013635552824716e-02 1.307888618476374387e-01
8.801988334530808089e-01 8.484242285217796775e-02 3.495874369474129967e-02
8.484877121654987864e-01 4.533366481989334340e-02 1.061786230146078425e-01
8.600966866073525008e-01 8.619754561732270726e-02 5.370576777532472257e-02
8.623890846648037956e-01 4.043277408275277457e-02 9.717814125244346457e-02
8.346457883806871481e-01 3.439468050672344485e-02 1.309595311125895389e-01
8.948259488855559995e-01 5.105581576296536889e-02 5.411823535147846503e-02
8.889852387495483788e-01 7.689636123334801787e-02 3.411840001710349235e-02
9.105775764872569011e-01 3.042608922442853817e-02 5.899633428831455029e-02
8.549240766786699863e-01 4.575062337032637788e-02 9.932529995100375375e-02
8.601376104706536241e-01 6.903867445247414969e-02 7.082371507687226786e-02
8.741407497111441938e-01 7.754319651955886294e-02 4.831605376929688778e-02
8.688393554914147776e-01 9.022920395014544237e-02 4.093144055843980778e-02
8.874656181946116718e-01 6.519908727716428043e-02 4.733529452822405476e-02
8.596836800877686313e-01 4.722113084273511785e-02 9.309518906949633410e-02
8.209198324268843772e-01 3.733622439884964200e-02 1.417439431742659461e-01
8.638343804649346591e-01 9.872171638986333708e-02 3.744390314520198298e-02
8.880412289935741832e-01 6.175183066743977073e-02 5.020694033898590730e-02
8.680421285489711147e-01 8.247054883846093032e-02 4.948732261256807291e-02
8.711455761456339264e-01 2.748225833112012684e-02 1.013721655232459745e-01
8.560291432683202473e-01 7.293173927230130194e-02 7.103911745937843691e-02
7.262010290606426555e-01 1.694772210612250640e-01 1.043217498781323221e-01
8.581600843637547937e-01 2.369563783308768073e-02 1.181442778031574631e-01
8.605736427146366552e-01 1.821337603401502678e-02 1.212129812513482452e-01
8.681088802160009665e-01 2.768022065824765274e-02 1.042108991257513773e-01
8.301158796686778363e-01 2.077557675616462096e-02 1.491085435751574317e-01
7.286428593719495028e-01 1.641840069304993099e-01 1.071731336975512150e-01
8.552515272124093793e-01 2.412439185581924730e-02 1.206240809317712659e-01
8.603314251452338635e-01 1.174418544181804122e-02 1.279243894129481474e-01
9.114964225107434759e-01 5.142669609846439033e-02 3.707688139079209910e-02
8.262641525457700142e-01 2.485568553326951077e-02 1.488801619209605687e-01
8.866175540994758464e-01 6.408546224141158099e-02 4.929698365911256569e-02
8.953134667699015337e-01 5.370190798118892883e-02 5.098462524890944730e-02
9.040575889707446189e-01 3.144496718453974188e-02 6.449744384471552128e-02
8.372078401093371314e-01 5.852801785668370477e-02 1.042641420339792818e-01
8.419644062106791393e-01 1.198565893793945326e-02 1.460499348513814577e-01
7.129701037383036066e-01 1.764375631187201643e-01 1.105923331429762013e-01
9.046102755530132100e-01 4.753193273930759327e-02 4.785779170767909957e-02
8.943800817551372795e-01 4.828148944035124540e-02 5.733842880451156532e-02
8.734216063803582619e-01 2.477380259736654267e-02 1.018045910222750428e-01
8.714482457547427785e-01 4.054230613399108923e-02 8.800944811126612533e-02
8.471687142317516628e-01 3.113769787551392415e-02 1.216935878927344478e-01
7.155762840141550729e-01 1.790482414923162124e-01 1.053754744935286314e-01
7.645411675601737622e-01 1.473954950724536972e-01 8.806333736737252671e-02
8.706499476239529800e-01 2.474819653720045087e-02 1.046018558388466663e-01
8.788077789630198700e-01 3.522925787814537579e-02 8.596296315883460160e-02
8.915483158847964384e-01 5.367433106773129153e-02 5.477735304747233941e-02
7.177318990302724577e-01 1.714998712147126347e-01 1.107682297550147688e-01
9.135167511858596212e-01 3.500171125893607876e-02 5.148153755520443187e-02
8.641372313681874306e-01 2.350499280673327626e-02 1.123577758250792480e-01
8.616462456433328088e-01 4.006013008918037771e-02 9.829362426748688986e-02
8.671036927622280954e-01 8.349114472611651738e-02 4.940516251165544270e-02
9.012760996330630991e-01 4.108168989143145405e-02 5.764221047550534271e-02
9.066389879866441071e-01 2.799571787342829826e-02 6.536529413992765714e-02
8.685164346301927907e-01 2.483759747378647131e-02 1.066459678960208074e-01
8.688617944528526094e-01 3.843219875970334959e-02 9.270600678744408962e-02
8.868328573527832770e-01 6.248681154657460129e-02 5.068033110064210089e-02
8.966641712048115664e-01 5.188369752674167751e-02 5.145213126844673523e-02
8.940076322132531894e-01 5.335635059518798601e-02 5.263601719155874825e-02
8.597376330205876993e-01 4.925645920926519095e-02 9.100590777014722077e-02
8.336240942009894850e-01 3.424604266511217104e-02 1.321298631338982399e-01
8.690605226974653652e-01 9.315456164890384416e-02 3.778491565363098492e-02
8.924525144015759137e-01 6.097454147756339177e-02 4.657294412086074309e-02
8.850583001026478547e-01 6.334295169830261862e-02 5.159874819904954751e-02
6.581190963616843081e-01 2.365888430238460016e-01 1.052920606144695792e-01
8.319799923214250548e-01 3.101213064945147410e-02 1.370078770291234538e-01
7.176677804211882838e-01 1.841666873518638947e-01 9.816553222694798797e-02
8.908250483539124076e-01 6.308181683642606619e-02 4.609313480966156784e-02
8.552335375708559617e-01 2.973667230346887722e-02 1.150297901256752686e-01
8.938658380501214307e-01 6.151812777480576699e-02 4.461603417507292030e-02
8.561991137763105275e-01 6.413717054113185490e-02 7.966371568255775637e-02
7.154542331160554935e-01 1.979917424271186999e-01 8.655402445682580659e-02
6.522813042757942270e-01 2.251903088847082290e-01 1.225283868394976272e-01
7.274790731393099286e-01 1.704931897388565765e-01 1.020277371218333839e-01
8.630174033046847937e-01 3.095165001992950318e-02 1.060309466753856650e-01
8.777771794037265707e-01 4.178658853654642485e-02 8.043623205972712242e-02
6.854475249708570361e-01 2.082833129534937266e-01 1.062691620756491678e-01
7.145505591136415147e-01 1.979430581817268886e-01 8.750638270463162449e-02
8.865823802454108060e-01 5.854315515995385522e-02 5.487446459463531101e-02
8.523064664334020213e-01 4.945092215765043570e-02 9.824261140894757771e-02
8.365187677134208188e-01 3.250366060669374751e-02 1.309775716798854683e-01
8.742871663422823181e-01 8.067235709841157065e-02 4.504047655930600025e-02
7.198839582803325809e-01 1.932875986469348162e-01 8.682844307273257511e-02
8.520751899825130815e-01 2.457520752704810130e-02 1.233496024904387478e-01
6.047594266202919178e-01 2.756439451505098837e-01 1.195966282291983374e-01
6.702729922346973845e-01 1.882025789721416542e-01 1.415244287931607670e-01
7.043913422080062547e-01 1.937630899150562525e-01 1.018455678769374789e-01
7.168663330419071666e-01 1.932485438641830533e-01 8.988512309390965516e-02
6.674821954168140836e-01 2.118018002840549308e-01 1.207160042991309717e-01
8.909214207186578749e-01 7.129386858961463125e-02 3.778471069172756325e-02
6.586929642661393247e-01 1.901726115542169970e-01 1.511344241796435950e-01
7.133148139852152347e-01 1.818025859808172218e-01 1.048826000339676684e-01
8.863204520355537630e-01 5.964336874713487002e-02 5.403617921731132534e-02
8.798416857394170121e-01 6.745614192913024221e-02 5.270217233145282204e-02
8.478420799782442341e-01 4.983409060579829103e-02 1.023238294159574263e-01
8.677372125432616379e-01 4.426178195378201868e-02 8.800100550295635038e-02
7.171213918303398493e-01 1.838862878170978987e-01 9.899232035256211315e-02
6.944193514438744552e-01 2.081114188507319218e-01 9.746922970539370623e-02
8.942472164244192889e-01 5.317371109562505499e-02 5.257907247995566302e-02
8.737084861188377793e-01 2.260540649743556299e-02 1.036861073837266611e-01
8.190820678445709380e-01 4.716600568214777273e-02 1.337519264732811575e-01
8.356460072632054814e-01 5.531351493603250263e-02 1.090404778007621062e-01
8.486547739380508881e-01 4.472358687209361527e-02 1.066216391898556076e-01
8.625264995748640473e-01 1.093435625042099568e-02 1.265391441747149848e-01
8.709680375210619996e-01 2.268715128100722359e-02 1.063448111979306832e-01
7.766814328728558481e-01 6.685563425688410832e-02 1.564629328702599464e-01
8.335812184199142827e-01 5.545175776659758138e-02 1.109670238134881221e-01
8.466091940946461891e-01 4.493723441778614547e-02 1.084535714875676932e-01
8.591818816295166972e-01 1.111163918509323542e-02 1.297064791853899945e-01
8.537830813094499094e-01 4.515342865526441457e-02 1.010634900352855720e-01
8.090179503437927577e-01 4.313557544254655041e-02 1.478464742136608168e-01
8.269103496600621606e-01 5.260738343930292799e-02 1.204822669006348490e-01
8.396862637069085755e-01 4.227613843217115780e-02 1.180375978609201626e-01
8.865302273504614972e-01 3.196918498601502429e-02 8.150058766352333284e-02
8.649232918423362948e-01 5.052648016193161257e-02 8.455022799573223835e-02
8.257759696575319719e-01 2.120954418621398899e-02 1.530144861562540981e-01
8.322703397884817500e-01 5.488593686682428224e-02 1.128437233446940025e-01
8.450721037840971395e-01 4.430689138702966628e-02 1.106210048288731734e-01
8.492605435278368642e-01 3.129846234740433358e-02 1.194409941247588230e-01
8.558122821755722587e-01 3.580239272455160854e-02 1.083853250998759593e-01
7.867681291310264502e-01 4.852279911916314997e-02 1.647090717498105039e-01
8.503844550161413496e-01 3.758166282915589157e-02 1.120338821547027935e-01
8.514016406855732244e-01 2.770842663834178349e-02 1.208899326760849574e-01
7.801864535086571184e-01 6.419294836765579437e-02 1.556205981236870872e-01
8.921944730333456475e-01 4.998553715169740119e-02 5.781998981495701379e-02
7.753203288515210234e-01 5.152861946924304493e-02 1.731510516792360843e-01
8.407784768387567276e-01 2.817651896937981709e-02 1.310450041918635455e-01
8.485705612493297245e-01 2.790174513012958629e-02 1.235276936205405712e-01
8.535654633598983576e-01 1.565643675396601736e-02 1.307780998861355903e-01
8.559181602174952275e-01 3.477260570864498107e-02 1.093092340738597706e-01
8.141194464635100880e-01 3.234719364285361387e-02 1.535333598936362010e-01
8.399745019952979952e-01 3.604792644638274424e-02 1.239775715583193161e-01
8.409167849910821335e-01 2.589984464112222995e-02 1.331833703677956227e-01
8.461229207446721023e-01 1.381560815579726403e-02 1.400614710995305434e-01
8.602652683394690358e-01 3.638602548776229129e-02 1.033487061727686313e-01
8.289994502268975829e-01 2.039545456354371206e-02 1.506050952095587536e-01
7.708759061653018829e-01 7.549752446990085075e-02 1.536265693647972941e-01
8.173112965274870190e-01 9.199130150604700740e-02 9.069740196646594588e-02
8.517605410294775137e-01 1.553465531162079999e-02 1.327048036589016100e-01
8.657592582735436082e-01 2.909979711336790897e-02 1.051409446130884828e-01
7.859065920115233528e-01 4.867677534248074367e-02 1.654166326459959868e-01
8.408523181666768265e-01 3.476476361912860663e-02 1.243829182141946432e-01
7.900775608271526362e-01 6.410039067318652750e-02 1.458220484996609612e-01
8.608994173444474152e-01 1.120786943352072504e-02 1.278927132220319118e-01
8.628546796253605544e-01 2.896426586852039048e-02 1.081810545061188539e-01
8.277738433994921152e-01 2.084461608717064554e-02 1.513815405133371594e-01
8.444280981953584675e-01 4.483244253879833940e-02 1.107394592658432625e-01
8.536588789866080829e-01 2.673020422177613958e-02 1.196109167916157012e-01
8.575745112211918819e-01 1.110172188914551085e-02 1.313237668896625188e-01
8.544085863436325923e-01 3.182930725158339413e-02 1.137621064047840691e-01
8.084389821916576624e-01 3.564419402925113334e-02 1.559168237790911904e-01
8.457644899599316979e-01 3.466417078398838225e-02 1.195713392560798644e-01
8.541207609392631461e-01 2.172476799611458564e-02 1.241544710646222266e-01
8.316580420786063854e-01 2.232992763734030495e-02 1.460120302840533513e-01
8.571365573616606115e-01 3.666763237618080040e-02 1.061958102621587824e-01
7.790102756853188870e-01 4.815611257929550137e-02 1.728336117353856949e-01
8.496536251312426513e-01 3.372748463995601381e-02 1.166188902288011614e-01
8.495306764993973969e-01 2.353733582527596860e-02 1.269319876753264853e-01
8.556169601962585469e-01 1.116903650513327746e-02 1.332140032986081080e-01
8.598555436362240734e-01 3.588010330438823337e-02 1.042643530593876516e-01
7.799198741439065108e-01 5.667357473579136273e-02 1.634065511203021681e-01
8.328258656102611734e-01 4.399836504781274443e-02 1.231757693419260613e-01
8.459604882718134711e-01 3.348321135240566598e-02 1.205563003757808699e-01
8.530431649930139137e-01 1.975641008135847754e-02 1.272004249256277197e-01
8.563742379383687542e-01 3.635868077908017970e-02 1.072670812825511494e-01
8.198502146301402949e-01 4.387115341246797251e-02 1.362786319573917604e-01
8.376756619340267607e-01 4.884618824803216297e-02 1.134781498179409376e-01
8.511029866285457768e-01 3.827366229647616996e-02 1.106233510749780602e-01
8.851593279162505157e-01 5.089857333065297279e-02 6.394209875309656010e-02
8.523587413349776876e-01 3.965614796348844451e-02 1.079851107015338263e-01
8.206993422046540143e-01 2.067761619393341382e-02 1.586230416014125233e-01
8.619753369482742178e-01 7.434884510138298208e-02 6.367581795034289727e-02
8.802076925160803311e-01 5.828028127618339882e-02 6.151202620773640883e-02
8.350077184061845958e-01 3.705714178108852203e-02 1.279351398127268058e-01
8.426209926506638137e-01 5.089324038279099960e-02 1.064857669665452700e-01
8.186456340100626283e-01 4.037793707739820159e-02 1.409764289125391978e-01
8.275089581827729246e-01 4.399881280743203615e-02 1.284922290097951225e-01
8.404899959076981286e-01 3.347848565668261334e-02 1.260315184356193274e-01
8.303702637970792333e-01 3.157984709499041254e-02 1.380498891079302848e-01
7.728212196769091991e-01 1.040194351940057355e-01 1.231593451290850655e-01
7.731027456472665538e-01 6.551022926608775221e-02 1.613870250866457356e-01
8.237322174553628473e-01 5.458723741597195506e-02 1.216805451286651907e-01
8.335413767797991147e-01 5.600653123776518083e-02 1.104520919824356073e-01
8.446366385687318346e-01 2.940361763435128672e-02 1.259597437969169620e-01
8.469514865847965757e-01 4.734763060221789527e-02 1.057008828129855776e-01
7.697627051376293439e-01 6.879299145274359040e-02 1.614443034096268714e-01
8.348789543430903404e-01 5.832698205312653733e-02 1.067940636037830737e-01
8.336477206494483649e-01 4.478058471358206671e-02 1.215716946369695128e-01
7.748128055476314335e-01 7.255599793303306455e-02 1.526311965193355435e-01
8.441835715085368452e-01 4.847023594954372877e-02 1.073461925419193913e-01
8.117525896259909501e-01 3.962702442508263256e-02 1.486203859489264867e-01
7.522601720941657355e-01 9.748598074458499074e-02 1.502538471612492876e-01
8.398041131148521465e-01 4.104531047620890716e-02 1.191505764089388492e-01
7.545937518776842934e-01 7.898897924659965819e-02 1.664172688757161178e-01
6.924113177504359617e-01 2.020613825215388237e-01 1.055272997280252423e-01
7.677781558525889061e-01 6.456219578250478597e-02 1.676596483649062941e-01
8.184553917429534531e-01 5.450338988256679673e-02 1.270412183744797918e-01
8.433403399400661860e-01 4.223372371121063978e-02 1.144259363487231534e-01
8.512540452901098398e-01 2.827000191027890727e-02 1.204759527996112911e-01
8.106127605756399124e-01 7.308524700764744420e-02 1.163019924167126157e-01
7.660599624999242518e-01 7.675729525546641507e-02 1.571827422446094025e-01
8.195865314492518650e-01 5.350187963726900364e-02 1.269115889134790620e-01
8.287308660552044071e-01 4.425498790447114639e-02 1.270141460403244882e-01
8.332202869821565550e-01 2.044930462021972428e-02 1.463304083976237902e-01
8.185584971094033158e-01 4.940781414184126918e-02 1.320336887487553734e-01
7.632303217997959965e-01 7.572468602189928732e-02 1.610449921783046467e-01
8.177912035649594902e-01 5.423239916376593889e-02 1.279763972712745779e-01
8.249164576019150097e-01 4.827763665597395448e-02 1.268059057421108970e-01
8.223750939099742086e-01 4.074948602534913394e-02 1.368754200646767061e-01
8.021403061439760229e-01 6.968099334792277055e-02 1.281787005081010677e-01
7.554468835217142964e-01 7.236941947955410903e-02 1.721836969987315391e-01
8.105961428447859829e-01 5.060133256654009148e-02 1.388025245886738424e-01
8.176823039816339955e-01 4.462978722037284907e-02 1.376879087979932248e-01
8.367052652171965699e-01 6.215007086688672383e-02 1.011446639159168520e-01
8.083403586656494610e-01 7.165843001123893552e-02 1.200012113231114647e-01
7.633006751027689996e-01 7.503695822994833897e-02 1.616623666672824811e-01
8.173487171045447086e-01 5.252382687308191495e-02 1.301274560223732724e-01
8.243787446460851820e-01 4.643760230225110752e-02 1.291836530516637105e-01
8.220630889341963288e-01 3.929439076490905125e-02 1.386425203008944951e-01
8.260819557246463773e-01 5.217258839618708205e-02 1.217454558791665059e-01
7.728100158853860036e-01 6.503905652445685082e-02 1.621509275901571734e-01
8.243137641814662908e-01 4.441235686890866730e-02 1.312738789496250280e-01
8.306776195795054774e-01 3.901391638504121684e-02 1.303084640354533197e-01
8.276752219394726273e-01 3.292219111513694507e-02 1.394025869453903721e-01
8.152554844334366502e-01 6.144991679732167422e-02 1.232945987692416895e-01
7.697079858507300809e-01 6.398878262429387453e-02 1.663032315249760862e-01
8.223936376922511560e-01 4.485373443963466822e-02 1.327526278681141203e-01
8.287606911312774827e-01 3.944870986901277687e-02 1.317905989997096849e-01
8.253356539080888288e-01 3.292616646401212016e-02 1.417381796278989747e-01
8.082736067180339434e-01 5.864156493546151400e-02 1.330848283465046744e-01
7.643584996750384386e-01 5.792287862259175302e-02 1.777186217023698500e-01
8.147054316523122397e-01 4.187996774446776233e-02 1.434146006032200604e-01
8.153352765015571268e-01 3.506571685663400356e-02 1.495990066418089737e-01
8.174154977965362168e-01 3.028122272857871472e-02 1.523032794748850338e-01
8.148556942382884083e-01 5.984806879383915840e-02 1.252962369678724541e-01
7.698132153362022834e-01 6.350852706014228910e-02 1.666782576036553443e-01
8.210485093578632210e-01 4.373957934061983160e-02 1.352119113015170793e-01
8.281463936369611867e-01 3.806097438284458678e-02 1.337926319801942543e-01
8.250050626543672383e-01 3.187039079973044697e-02 1.431245465459024535e-01
8.179602352286764466e-01 6.183974601174244135e-02 1.202000187595811675e-01
7.697448048255021158e-01 6.607829510941454210e-02 1.641769000650834531e-01
8.224438235102403683e-01 4.407349722272298209e-02 1.334826792670366080e-01
8.282500996697272910e-01 3.875746695300544276e-02 1.329924333772672662e-01
8.255468386078876897e-01 3.248086366880743175e-02 1.419722977233047467e-01
8.120471241381738148e-01 6.222476824053792266e-02 1.257281076212882209e-01
7.668613608335885790e-01 6.068865656196743147e-02 1.724499826044439132e-01
8.191387662797410263e-01 4.509746305363013241e-02 1.357637706666288413e-01
8.262298060379836828e-01 3.913105365604437058e-02 1.346391403059720993e-01
8.231162965124355635e-01 3.239363568902307172e-02 1.444900677985413717e-01
8.050959822652182796e-01 5.931174024377899173e-02 1.355922774910027218e-01
7.583917142357062824e-01 6.193515517038880591e-02 1.796731305939048284e-01
8.119590948174038036e-01 4.155435605874771565e-02 1.464865491238485085e-01
8.167810892140436874e-01 3.922316781953361781e-02 1.439957429664227018e-01
8.159642513592411106e-01 2.937225637029118944e-02 1.546634922704678006e-01
8.124162883957822823e-01 6.080313430067869201e-02 1.267805773035388661e-01
7.698343901615474216e-01 6.093565918420654204e-02 1.692299506542459253e-01
8.192086229418813481e-01 4.333014057563306515e-02 1.374612364824855937e-01
8.257482776571980487e-01 3.772621937084712912e-02 1.365255029719547875e-01
8.228716038343718564e-01 3.136397443287420456e-02 1.457644217327540292e-01
8.256222044299141860e-01 4.972985978259452516e-02 1.246479357874913235e-01
7.710327844080461235e-01 7.124822002615946448e-02 1.577189955657944120e-01
8.232737038441495514e-01 4.948463282370840766e-02 1.272416633321420687e-01
8.297931425629229141e-01 4.411576462141047345e-02 1.260910928156665223e-01
8.358905888440184562e-01 2.173699416255808065e-02 1.423724169934232620e-01
8.136485612557305958e-01 6.769268957340865422e-02 1.186587491708607639e-01
7.681302480400263866e-01 7.032705748019293934e-02 1.615426944797805353e-01
8.215374438343878705e-01 5.016193604518854460e-02 1.283006201204234809e-01
8.282798353281509707e-01 4.466742367067615127e-02 1.270527410011727254e-01
8.250299217920081807e-01 3.737149204059966173e-02 1.375985861673921229e-01
8.069299358511849984e-01 6.462235423106385546e-02 1.284477099177511461e-01
7.601249856375577041e-01 6.727054172384717978e-02 1.726044726385950190e-01
8.141061697577852696e-01 4.686150568121842663e-02 1.390323245609964009e-01
8.196727177450907620e-01 4.372557818491963622e-02 1.366017040699895879e-01
8.173331093751670107e-01 3.444821741005153065e-02 1.482186732147814934e-01
8.132341242608754905e-01 6.639098483717176258e-02 1.203748909019528579e-01
7.681838352534632319e-01 6.969293711377769207e-02 1.621232276327590760e-01
8.209419144118622613e-01 4.857988774468174203e-02 1.304781978434559064e-01
8.276301790797152558e-01 4.296347054620065081e-02 1.294063503740842391e-01
8.246336463298968855e-01 3.606381637114956795e-02 1.393025372989536159e-01
8.266253040260701512e-01 5.193636488609905399e-02 1.214383310878308225e-01
7.714333941677888884e-01 7.230789303933679579e-02 1.562587127928743713e-01
8.238220332629055953e-01 5.086569396317335706e-02 1.253122727739209297e-01
8.557661921695660645e-01 6.842247071110303669e-02 7.581133711933080166e-02
8.298061874697404416e-01 2.965481584807587445e-02 1.405389966821836423e-01
8.246912926447896863e-01 5.200091677133300561e-02 1.233077905838773358e-01
7.856918120279109408e-01 9.147907918348828493e-02 1.228291087886007882e-01
8.214719038944491292e-01 5.338292612621287764e-02 1.251451699793380001e-01
8.288923788410830218e-01 4.607159552809356878e-02 1.250360256308233886e-01
8.553888428078531003e-01 4.941684233935884213e-02 9.519431485278806448e-02
8.074688488785136675e-01 6.578770025146908618e-02 1.267434508700172324e-01
7.605806256302136692e-01 6.834029837218755232e-02 1.710790759975986952e-01
8.127673273405919829e-01 4.775601752748911272e-02 1.394766551319188141e-01
8.202292966516053774e-01 4.527078079719738107e-02 1.344999225511971930e-01
8.180252486984262994e-01 3.577014252628817753e-02 1.462046087752854884e-01
8.178237345470203978e-01 6.791027102232244372e-02 1.142659944306570474e-01
7.685168112415935449e-01 7.070590443801638703e-02 1.607772843203902069e-01
8.168250285439137004e-01 5.323251458137042563e-02 1.299424568747159503e-01
8.281841896173323114e-01 4.432061612470901413e-02 1.274951942579585218e-01
8.247629066479001958e-01 2.974642063716511492e-02 1.454906727149346268e-01
8.457084728289907538e-01 3.249227879375038430e-02 1.217992483772588619e-01
8.073225101307519580e-01 4.510906141735056274e-02 1.475684284518974654e-01
8.114103234945893028e-01 6.297860313935203791e-02 1.256110733660587564e-01
8.209082757737187208e-01 5.507758416591969353e-02 1.240141400603615995e-01
8.365725149100646796e-01 1.977476224560719212e-02 1.436527228443281456e-01
8.361482564277032958e-01 5.487996673865111474e-02 1.089717768336456033e-01
7.576269554002782458e-01 7.299346191282411744e-02 1.693795826868977061e-01
8.099569111307809433e-01 6.352847181354227823e-02 1.265146170556768201e-01
8.159298972684662088e-01 5.965423852652688291e-02 1.244158642050068042e-01
8.135313424270304017e-01 4.951157113988601671e-02 1.369570864330835469e-01
8.364019586897680769e-01 2.990741689684716167e-02 1.336906244133848065e-01
7.961362073965294606e-01 4.159307317207159432e-02 1.622707194313988688e-01
8.027382021805994361e-01 5.959455112662063320e-02 1.376672466927800209e-01
8.157338581884312489e-01 5.254491051843761945e-02 1.317212312931312634e-01
8.205463026687851436e-01 3.531449338403745003e-02 1.441392039471774689e-01
8.343315508062950636e-01 5.401801849257704957e-02 1.116504307011278035e-01
7.576493054677673200e-01 7.185968003389170411e-02 1.704910144983410036e-01
8.146301731155785042e-01 4.041855919677159875e-02 1.449512676876499317e-01
8.172671757271094961e-01 5.468910926791523824e-02 1.280437150049752726e-01
8.262581666935033819e-01 3.798789710387311114e-02 1.357539362026235485e-01
8.309658108683827260e-01 4.303764165365798339e-02 1.259965474779593808e-01
7.663524982584896117e-01 5.380690628543823018e-02 1.798405954560721165e-01
8.287280316308595074e-01 4.212829300600626214e-02 1.291436753631343415e-01
8.463682103448766370e-01 2.592235538146347301e-02 1.277094342736599109e-01
8.479929354792384855e-01 1.778686920032754304e-02 1.342201953204339993e-01
8.545054286416938760e-01 3.292944217821264230e-02 1.125651291800935233e-01
7.617523955498118893e-01 5.358047101353350522e-02 1.846671334366545292e-01
8.163966511046337748e-01 4.365002699151868115e-02 1.399533219038475440e-01
8.296979501030399273e-01 3.769396495959898702e-02 1.326080849373610926e-01
8.456628899524317733e-01 1.816891388972976390e-02 1.361681961578384836e-01
8.286094597193793820e-01 3.638408878882370273e-02 1.350064514917968805e-01
8.073362446523355551e-01 1.809283937709275578e-02 1.745709159705718383e-01
8.247189915584990372e-01 2.500184678724810816e-02 1.502791616542527575e-01
8.298232351937468998e-01 3.070251318874899285e-02 1.394742516175040969e-01
8.231370842124774434e-01 1.890594887638034557e-02 1.579569669111422492e-01
8.400730044531404817e-01 3.767349216846113680e-02 1.222535033783984232e-01
7.713508629084481205e-01 5.311681853976896184e-02 1.755323185517829732e-01
7.502918585076625568e-01 8.129085470709437877e-02 1.684172867852431754e-01
8.190805019105920071e-01 4.917675668625715035e-02 1.317427414031507593e-01
8.287614780282309690e-01 2.123632977650204492e-02 1.500021921952669479e-01
8.441252024669197995e-01 3.219788092394003376e-02 1.236769166091400279e-01
8.113344710348970867e-01 3.561964301196669097e-02 1.530458859531363403e-01
8.358265967804322516e-01 3.796077330046600251e-02 1.262126299191017875e-01
8.466971686254824991e-01 2.542990568603007220e-02 1.278729256884873766e-01
8.555559422483439702e-01 9.638990814135439678e-03 1.348050669375207289e-01
8.557086662162357582e-01 3.065783466121750969e-02 1.136334991225468050e-01
7.412403998682702833e-01 8.086454979534613008e-02 1.778950503363835589e-01
8.345091207906882858e-01 3.441620111672762800e-02 1.310746780925841071e-01
8.452536197535277518e-01 2.574292357374131576e-02 1.290034566727308318e-01
8.534364551689953560e-01 9.803239731424984865e-03 1.367603050995795932e-01
8.343684444993837435e-01 2.983683870013846551e-02 1.357947168004778604e-01
7.968560045961262661e-01 2.917796417414516771e-02 1.739660312297285349e-01
8.239771586588691132e-01 3.379059860627128820e-02 1.422322427348595153e-01
8.372731616303457081e-01 2.280924350340755163e-02 1.399175948662467750e-01
8.452337001874841160e-01 7.217530959338898898e-03 1.475487688531769981e-01
8.408202623953100474e-01 3.622140699244542211e-02 1.229583306122443986e-01
8.105265329501886162e-01 3.463878977551250460e-02 1.548346772742987543e-01
8.320635896795527398e-01 3.419557657134650319e-02 1.337408337491008126e-01
8.425847452442893903e-01 2.548686675768046042e-02 1.319283879980301111e-01
8.514069755498263614e-01 9.597704289065646724e-03 1.389953201611079936e-01
8.355671355638656372e-01 4.645164810328915317e-02 1.179812163328452373e-01
7.612964710063355733e-01 7.124700736266634249e-02 1.674565216309981119e-01
8.142534053790432269e-01 5.805620788351080475e-02 1.276903867374461210e-01
7.535499690081974844e-01 8.836192531919408177e-02 1.580881056726085032e-01
7.447767821015951473e-01 9.639219485742397953e-02 1.588310230409809565e-01
8.266182281845055879e-01 4.927674849197012652e-02 1.241050233235241745e-01
7.528178176981454861e-01 6.530508076228257186e-02 1.818771015395718726e-01
8.123057825828020606e-01 5.902125582958037825e-02 1.286729615876175126e-01
7.478361522278880180e-01 9.170173221329940005e-02 1.604621155588126791e-01
8.215550572781624705e-01 3.205402996730758597e-02 1.463909127545299227e-01
8.199914004707240522e-01 4.591933407668152833e-02 1.340892654525945304e-01
7.460461913880161999e-01 6.602998439764666549e-02 1.879238242143371762e-01
8.157988298603398025e-01 4.526790490258188193e-02 1.389332652370783017e-01
7.950707065800025619e-01 5.981197523122652737e-02 1.451173181887708552e-01
8.260991986766501594e-01 2.838957113042567953e-02 1.455112301929241680e-01
8.253719640555735593e-01 4.725221475693332923e-02 1.273758211874929103e-01
7.508193190160338260e-01 6.513412984721851651e-02 1.840465511367476992e-01
8.101864263704231517e-01 5.812849971448649788e-02 1.316850739150902672e-01
8.105469368933385654e-01 5.527364713130651641e-02 1.341794159753548765e-01
8.194543149938611215e-01 3.105568350763135421e-02 1.494900014985074965e-01
7.332459630946170925e-01 1.279656237313363809e-01 1.387884131740464433e-01
7.490230194403535435e-01 7.560063875564862479e-02 1.753763418039978872e-01
7.858812468534817075e-01 7.218240302888156990e-02 1.419363501176366671e-01
7.404973056686983135e-01 1.053583607036046865e-01 1.541443336276970277e-01
7.554874076049927778e-01 8.220831871169637095e-02 1.623042736833109068e-01
8.346628610854968100e-01 5.548808965668520360e-02 1.098490492578181321e-01
8.078901491371132115e-01 4.180799634783991664e-02 1.503018545150469620e-01
7.314803487035175245e-01 1.159676504637949523e-01 1.525520008326876065e-01
7.417761515109769777e-01 9.998063432248018023e-02 1.582432141665429115e-01
8.121475423195263499e-01 4.304455560598670349e-02 1.448079020744868772e-01
7.307975887737390153e-01 1.202196919665024927e-01 1.489827192597585059e-01
7.369552007671370530e-01 7.146352941608612175e-02 1.915812698167769779e-01
7.307884029459220665e-01 1.542102177452182588e-01 1.150013793088596054e-01
7.185560328335272029e-01 1.599146147583684341e-01 1.215293524081043353e-01
7.690334889865682033e-01 1.065955852203913923e-01 1.243709257930403905e-01
7.376648547750972451e-01 1.139976876225600316e-01 1.483374576023427094e-01
7.430354857826484416e-01 7.518171788870160743e-02 1.817827963286499093e-01
8.051575007553014585e-01 6.436576586850939474e-02 1.304767333761892578e-01
8.079562392972445828e-01 6.003469147037787668e-02 1.320090692323776238e-01
7.503818441969706265e-01 8.139210456799905735e-02 1.682260512350302606e-01
8.170072628100072398e-01 4.752217684233125267e-02 1.354705603476616393e-01
7.932546077330864254e-01 4.925620123772737891e-02 1.574891910291862096e-01
7.993970432747671273e-01 4.972260082283337657e-02 1.508803559023995100e-01
7.953570534512093282e-01 6.785547595771942997e-02 1.367874705910712418e-01
8.130992984790184064e-01 3.144696774299367975e-02 1.554537337779879347e-01
8.697558035205079641e-01 1.214542236668557373e-02 1.180987741128065871e-01
7.888323092959058647e-01 4.879261688046277606e-02 1.623750738236313385e-01
7.814202606490854297e-01 7.686124941184974135e-02 1.417184899390648289e-01
7.925487455063771058e-01 6.794662728548758746e-02 1.395046272081352512e-01
8.092438866373024009e-01 3.143675968027370010e-02 1.593193536824239198e-01
7.926979700614090740e-01 7.085197273746460245e-02 1.364500572011263513e-01
7.822331549180985277e-01 4.491988029074824029e-02 1.728469647911532459e-01
7.749294969995719207e-01 7.277185583604320329e-02 1.522986471643848205e-01
7.858635004814468195e-01 6.397911025652242012e-02 1.501573892620307049e-01
8.023972220626324203e-01 2.783905266066688880e-02 1.697637252767006111e-01
7.981545359891427660e-01 7.390716756626761197e-02 1.279382964445897330e-01
7.890564854419401808e-01 4.853228930799972224e-02 1.624112252500601039e-01
7.807113420353464228e-01 7.624584849420260046e-02 1.430428094704509767e-01
7.916571369562802607e-01 6.724152468653472881e-02 1.411013383571851354e-01
8.084984590341085520e-01 3.065875411860081654e-02 1.608427868472905864e-01
8.113557921570123677e-01 5.244425799258750631e-02 1.361999498504000428e-01
8.001919394020813314e-01 3.030502262436467892e-02 1.695030379735540105e-01
7.935005395899052960e-01 5.469729208676984283e-02 1.518021683233248265e-01
8.059394820376715174e-01 4.472423201444832713e-02 1.493362859478801208e-01
8.114078358536805924e-01 3.252908021876244060e-02 1.560630839275570225e-01
8.076935703540156775e-01 5.226149264937525463e-02 1.400449369966090818e-01
7.951127042996543048e-01 2.989563648358360345e-02 1.749916592167619911e-01
7.900197860732790511e-01 5.468815060610718315e-02 1.552920633206137380e-01
8.025055408530659129e-01 4.478042220323513734e-02 1.527140369436990608e-01
8.074109511243450221e-01 3.237250498610924621e-02 1.602165438895457594e-01
8.008875461812569041e-01 4.947799153097767050e-02 1.496344622877653352e-01
7.876760774959742362e-01 2.695061548177378127e-02 1.853733070222521040e-01
7.826924011674125659e-01 5.144683713350359927e-02 1.658607616990838973e-01
7.960119764010601395e-01 4.038333292423139376e-02 1.636046906747084251e-01
7.999792936601388682e-01 2.952037947213266567e-02 1.705003268677284523e-01
8.063034261147712378e-01 5.199977873957762481e-02 1.416967951456511443e-01
7.944987932620485305e-01 2.993502603913304402e-02 1.755661806988184637e-01
7.884246509288217464e-01 5.438047286151234672e-02 1.571948762096659347e-01
8.007347049911844872e-01 4.440755302666790638e-02 1.548577419821475232e-01
8.062497003685054064e-01 3.217575215666093613e-02 1.615745474748336297e-01
8.100246199394096625e-01 5.307219176846935532e-02 1.369031882921208920e-01
8.000079989014201587e-01 2.989750987750083855e-02 1.700944912210790028e-01
7.940285506726210141e-01 5.334153386832821142e-02 1.526299154590507468e-01
8.060640316791748416e-01 4.376457150094104770e-02 1.501713968198842564e-01
8.117192671267791093e-01 3.146272526100598460e-02 1.568180076122148436e-01
8.067175371862281841e-01 5.255433525442854831e-02 1.407281275593432468e-01
7.952937560354064184e-01 2.908786716016319163e-02 1.756183768044305149e-01
7.850026555225698699e-01 5.665707849041460437e-02 1.583402659870156437e-01
8.029741663925100692e-01 4.347048546078220721e-02 1.535553481467079040e-01
8.080704369579201352e-01 3.092379613952469380e-02 1.610057669025552751e-01
7.998674868534749738e-01 4.979979782135324912e-02 1.503327153251717840e-01
7.929441711661784353e-01 3.000223612902547590e-02 1.770535927047962033e-01
7.835436183257771248e-01 4.977888487401734702e-02 1.666774968002053825e-01
7.953822435422100989e-01 4.044609079496349485e-02 1.641716656628262605e-01
8.006008021541233255e-01 2.812342638767991940e-02 1.712757714581966961e-01
8.051359764453730472e-01 5.248875003083625784e-02 1.423752735237906464e-01
7.944677689514435537e-01 2.937796465268216473e-02 1.761542663958743093e-01
7.891293062964186422e-01 5.288686952743896358e-02 1.579838241761424567e-01
8.010083490746273682e-01 4.331525697265330849e-02 1.556763939527193441e-01
8.067235024663815812e-01 3.095233487843766090e-02 1.623241626551807093e-01
8.024458990361610367e-01 6.266386600636646154e-02 1.348902349574724047e-01
7.941221787871024507e-01 3.737590112375027002e-02 1.685019200891471891e-01
7.850361203402080879e-01 6.471480214468366965e-02 1.502490775151081870e-01
7.964333816254164367e-01 5.563437539098921997e-02 1.479322429835942809e-01
8.027932068001094601e-01 4.214927896556781156e-02 1.550575142343228741e-01
7.984539054493587917e-01 6.287014398336064624e-02 1.386759505672805759e-01
7.884767343801055706e-01 3.768463481186820618e-02 1.738386308080262233e-01
7.811884842845914223e-01 6.519058729425881993e-02 1.536209284211497439e-01
7.926415679941146708e-01 5.616547586606179115e-02 1.511929561398235866e-01
7.984585221954713097e-01 4.245644710123944870e-02 1.590850307032893041e-01
7.922103198230001642e-01 5.950818249244044927e-02 1.482814976845592825e-01
7.816956712408813512e-01 3.398617017277317381e-02 1.843181585863454819e-01
7.744674436946201723e-01 6.130796860780922397e-02 1.642245876975706453e-01
7.857129549783713474e-01 5.243120037962756969e-02 1.618558446420011732e-01
7.915807669453110984e-01 3.895844732402498067e-02 1.694607857306639487e-01
7.974469884380551710e-01 6.212893583590133051e-02 1.404240757260435124e-01
7.883554480328783809e-01 3.704417455052889940e-02 1.746003774165926503e-01
7.800050569827904345e-01 6.434420255830101965e-02 1.556507404589085042e-01
7.912822137365530528e-01 5.523742461922478281e-02 1.534803616442221297e-01
7.976600019324233681e-01 4.173181717669836172e-02 1.606081808908782493e-01
7.949886498594412876e-01 7.212990471156294214e-02 1.328814454289959368e-01
7.865420859633838191e-01 4.680660449541158147e-02 1.666513095412046619e-01
7.769115654260709825e-01 7.507013290581392162e-02 1.480183016681151653e-01
7.882226893242558763e-01 6.602082435778160174e-02 1.457564863179625358e-01
7.952515113885508802e-01 5.163646320125349354e-02 1.531120254101957234e-01
7.909185365300230863e-01 7.239155944238166718e-02 1.366899040275952604e-01
7.809571162444612913e-01 4.704199160536983587e-02 1.720008921501688937e-01
7.184904859838777691e-01 1.098121405157984620e-01 1.716973735003238799e-01
7.843389891042725770e-01 6.662433626883090820e-02 1.490366746268965703e-01
7.908312341607757201e-01 5.202649855792291361e-02 1.571422672813014010e-01
7.848325126752668801e-01 6.897811866998240782e-02 1.461893686547507676e-01
7.742550585250627115e-01 4.337424964240965686e-02 1.823706918325275761e-01
7.664356933365206181e-01 7.165960264063618579e-02 1.619047040228431544e-01
7.775898382236656747e-01 6.281962886980491101e-02 1.595905329065293587e-01
7.841197269005369952e-01 4.845800090816209521e-02 1.674222721913009027e-01
7.900604372162333133e-01 7.149110074431963557e-02 1.384484620394469956e-01
7.809076048599523645e-01 4.632196886578544143e-02 1.727704262742622010e-01
7.719563583558141096e-01 7.458611399371987971e-02 1.534575276504659691e-01
7.831373773894158008e-01 6.551597717618212746e-02 1.513466454344022105e-01
7.901941399655667553e-01 5.111223849137105923e-02 1.586936215430623243e-01
