M5,47.892596963514166,26.352433735567814,25.75496930091802
M6,20.893235638303818,37.17677425524143,41.929990106454746
M7,43.76601232194733,46.834033518355845,9.399954159696826
M8,9.067064265556734,3.820285133762974,87.11265060068028
M9,81.64126871241695,6.293765830781845,12.064965456801211
M10,6.142812143074817,76.86872366292731,16.98846419399787
M4,23.277710956196334,20.173609186144457,56.54867985765921
M6,23.67500031904391,40.088474063449574,36.23652561750652
M7,46.58341136774706,47.24366051064565,6.172928121607292
M8,11.681435788269903,4.125615804120003,84.19294840761009
M9,85.13328764347176,6.428596417837213,8.438115938691027
M10,6.927266281276865,80.52147292408915,12.551260794633976
M4,20.19694005973129,17.448058238557568,62.355001701711146
M5,47.18653695162179,26.229388832992758,26.584074215385453
M7,45.516665334782154,49.443918667061205,5.039415998156642
M8,11.566630030970263,3.767078969302482,84.66629099972725
M9,84.15247615811141,7.098859403121952,8.748664438766635
M10,7.339896838552738,80.15749157023235,12.502611591214915
M4,22.834473454958147,19.118180704378485,58.04734584066337
M5,49.61502047146217,26.987401043456632,23.3975784850812
M6,23.607150874859705,39.78782882819156,36.60502029694873
M8,13.733408401338355,4.364640232470103,81.90195136619154
M9,85.68207615396885,7.02392102313942,7.29400282289173
M10,7.886901929748279,81.19773725728322,10.915360812968501
M4,18.85380458058209,20.988588777471648,60.15760664194626
M5,45.9092242568268,28.085887650673452,26.004888092499744
M6,19.399245061552637,41.632784731940184,38.96797020650718
M7,42.594028845117826,49.79137315736119,7.614597997520981
M9,83.44187693589986,6.961926103746988,9.596196960353156
M10,3.9720774833600427,82.39637914525626,13.6315433713837
M4,23.352195064930402,19.16332982985278,57.484475105216816
M5,49.18820986139141,27.798552923957207,23.013237214651387
M6,23.048420029994638,40.48438410462067,36.46719586538468
M7,42.08126478676196,52.66344510594101,5.255290107297029
M8,8.996594078774779,4.240157863626283,86.76324805759894
M10,5.243504247641774,82.94042864802238,11.816067104335843
M4,22.11565522320496,19.17307433578291,58.71127044101213
M5,48.76143401623535,26.952264212913523,24.28630177085113
M6,22.784550261770548,39.800555059182784,37.41489467904667
M7,45.21085880694387,49.415008631933695,5.374132561122437
M8,12.674108230886185,4.40955870147309,82.91633306764072
M9,84.51647266470798,7.0591761260875066,8.424351209204517
M3,5.361994983998676,76.44997244280106,18.188032573200275
M6,20.597470693040236,38.853498940688105,40.54903036627166
M7,40.25853720746434,47.618245463670405,12.123217328865252
M8,10.22905211099561,3.6208463874347774,86.15010150156961
M9,76.44046179135294,7.009480438027786,16.55005777061927
M10,2.0996399876931813,77.37120148410563,20.529158528201194
M3,4.593912313200988,75.30230632804557,20.103781358753437
M5,46.88875317584519,26.677999596000966,26.433247228153846
M7,42.46780996375009,48.0614912930472,9.47069874320271
M8,11.555791758705983,3.617578385867596,84.82662985542642
M9,77.68594608686983,7.0831340301655965,15.230919882964571
M10,5.4274147100958645,77.19598858830767,17.37659670159647
M3,5.08485231064926,77.34046514663635,17.5746825427144
M5,48.461502744480974,27.507863420041172,24.030633835477854
M6,22.42750622556067,37.65693097815034,39.91556279628898
M8,13.24079115173348,4.090893860918733,82.6683149873478
M9,77.25671361324275,7.0743754994639785,15.668910887293269
M10,4.780851133542462,78.00485817647902,17.214290689978526
M3,1.3766282736081108,80.35533526434314,18.268036462048755
M5,42.05682374669491,30.39569922617969,27.5474770271254
M6,16.624876119518483,39.84264675584322,43.53247712463829
M7,36.58481747069835,50.348464510237534,13.066718019064119
M9,74.10085521771403,7.046959296859194,18.85218548542678
M10,1.3040962804478384,78.08453574072382,20.61136797882834
M3,6.18160250011696,76.10821213412166,17.710185365761376
M5,50.042273828943024,27.86924222720871,22.088483943848267
M6,22.17735609679652,40.13671864313079,37.68592526007269
M7,38.12314263410757,52.520422623992346,9.356434741900081
M8,8.199562482530753,4.189681353359075,87.61075616411017
M10,0.808486633170992,82.0285160342526,17.16299733257641
M3,4.572991385784888,77.51861540222157,17.90839321199354
M5,47.04085116618855,27.6703698249415,25.28877900886995
M6,21.138678160011626,37.85996012967228,41.0013617103161
M7,40.26193587020475,48.74796915289213,10.990094976903116
M8,11.840700208962666,4.187976902313114,83.97132288872423
M9,76.09904232948172,7.075879957214492,16.825077713303788
M3,5.819312707378841,72.4460959627746,21.734591329846552
M4,21.743804633184673,18.10744348300125,60.14875188381407
M7,44.364384401260594,49.12878850412868,6.506827094610728
M8,12.974878767595541,3.201306868431534,83.82381436397293
M9,80.89859920672704,7.434858260828511,11.666542532444447
M10,5.580034145792131,80.52092485966033,13.899040994547548
M3,6.32847896081249,76.78821325897921,16.8833077802083
M4,26.281048447352546,21.85448336402005,51.8644681886274
M6,25.352876396343884,42.83933614141992,31.807787462236192
M8,17.342861058221214,4.103013204555426,78.55412573722336
M9,82.51658667388531,7.865250474134094,9.618162851980593
M10,5.15905520905767,83.7734262518267,11.067518539115625
M3,3.144759724416183,77.92701004322716,18.928230232356654
M4,19.54865163053648,24.114370905696546,56.33697746376697
M6,18.446562651037766,45.10854471987179,36.44489262909045
M7,38.85157580154987,52.24072207291079,8.907702125539338
M9,79.3271894189,8.14101539279594,12.531795188304056
M10,0.806628098903025,84.53147293943411,14.661898961662871
M3,5.248223924941307,78.53033649489458,16.221439580164116
M4,28.22526619039412,22.05055110415845,49.724182705447426
M6,25.642735004252074,44.06390572205089,30.293359273697035
M7,40.79869690652189,53.32822526013937,5.873077833338741
M8,11.285554547415966,5.1598250247639665,83.55462042782007
M10,2.3277609563012094,85.96027202459464,11.71196701910415
M3,5.807016430998868,76.59343473589887,17.59954883310226
M4,25.07527243527255,21.624404520923107,53.30032304380434
M6,24.118948955904486,42.5311006908447,33.34995035325081
M7,42.9141118612139,50.51821408483993,6.56767405394617
M8,15.503449688123183,4.295698837860523,80.20085147401629
M9,81.4459919405769,7.80199396934344,10.752014090079658
M3,5.400557939631373,73.18935344609011,21.41008861427852
M4,21.281171510159023,17.43892944358719,61.27989904625378
M5,47.97428187432808,26.702698739770085,25.323019385901837
M8,13.80258181907196,4.112489520016523,82.08492866091152
M9,82.30857161202891,8.016168081213626,9.67526030675746
M10,6.401842437843805,81.64902954597537,11.949128016180822
M3,2.333987366417938,76.16359256835364,21.50242006522842
M4,17.098362833729087,20.14945967477216,62.752177491498756
M5,42.59693681731547,29.378737338923777,28.02432584376075
M7,39.551672049298155,52.82288915011177,7.625438800590075
M9,79.30205501681468,8.21874940636832,12.479195576817004
M10,2.1276897110073385,83.61513560365833,14.257174685334334
M3,5.9488925490704325,72.38172914533352,21.66937830559604
M4,22.04315458862895,16.791345682293613,61.16549972907744
M5,48.369366360194164,26.486269287971957,25.14436435183388
M7,41.84237316083067,52.726014035130035,5.431612804039297
M8,9.889838799349981,3.560180531880023,86.54998066877
M10,4.924986200843965,81.77265013403846,13.302363665117582
M3,4.961478278416317,73.52454185988417,21.51397986169951
M4,20.520843231354405,17.69235823004138,61.786798538604216
M5,46.671004428015415,27.00664051916988,26.322355052814704
M7,43.25967809180902,51.58200359279331,5.158318315397665
M8,12.929877285497565,4.262979547583976,82.80714316691845
M9,80.77349999838067,8.139339929671635,11.087160071947693
M3,2.1370431987713747,81.04553352314603,16.817423278082586
M4,19.380573276449272,24.969574533501003,55.64985219004973
M5,43.77985499008621,32.941081729339714,23.27906328057408
M6,18.22954808140892,47.68768440894265,34.08276750964843
M9,80.31358861185949,8.946105820661964,10.740305567478549
M10,1.1840311778737362,87.4132679508183,11.402700871307971
M3,6.42262043550199,78.21863855269875,15.358741011799268
M4,28.74859100656921,21.299938980085884,49.9514700133449
M5,53.76910674797265,29.105445953713105,17.125447298314246
M6,27.279691804581095,43.475618552751456,29.244689642667453
M8,14.174243071246766,5.144631878804512,80.68112504994872
M10,4.672156665242481,85.79051810374186,9.537325231015657
M3,5.505928141792775,77.11095271492918,17.383119143278037
M4,24.360195988267183,20.478873557618943,55.16093045411388
M5,49.61337976838469,28.761578999528748,21.625041232086563
M6,24.209433524754697,42.27934391576285,33.51122255948245
M8,16.368730052928242,5.382500986096572,78.24876896097518
M9,82.20818875878756,8.468267603283524,9.32354363792892
M3,3.3180424895385663,79.95338492801051,16.728572582450923
M4,22.29502484072471,23.48325897081713,54.22171618845816
M5,46.622100700789545,30.770900707536452,22.606998591674003
M6,20.57099492197742,46.08974688203623,33.33925819598635
M7,37.22417633121306,55.46135159125303,7.314472077533914
M10,0.9403412891910659,87.03817652269046,12.021482188118469
M3,2.298387103919734,80.14466753951847,17.556945356561798
M4,19.134279315713112,23.76696636130388,57.098754322983005
M5,43.672818788336556,31.732941995298862,24.59423921636458
M6,18.12454368616081,46.2204778140472,35.654978499791994
M7,37.49918773247357,55.01858913388744,7.482223133638989
M9,79.23657815571502,8.729477233539052,12.033944610745925
M3,5.8281990070005385,77.62897678451475,16.542824208484717
M4,26.619780709980986,20.87658971494545,52.50362957507356
M5,51.40789135294154,29.036587939204278,19.555520707854182
M6,25.296538788473043,42.98174595734529,31.721715254181667
M7,40.76855076213083,54.200851551469206,5.030597686399965
M8,12.383098365824154,4.913910477967954,82.70299115620789
M2,76.25279479361198,12.858215381631283,10.888989824756734
M6,22.533921893529392,37.275956208730165,40.19012189774044
M7,47.24059780895695,42.79076833061711,9.968633860425939
M8,8.87141852177199,3.8192284356873754,87.30935304254064
M9,82.79912201403555,5.338763767779468,11.862114218184985
M10,5.760634341003925,75.3144086410846,18.92495701791148
M2,71.19094033360257,14.167893952374566,14.641165714022865
M5,47.391369115079144,26.215722733805734,26.392908151115122
M7,45.29354580929917,45.996283002174735,8.710171188526097
M8,10.031458451368263,3.3860734545816626,86.58246809405007
M9,81.64867913913139,6.055849933809985,12.295470927058627
M10,7.120825447050366,75.91779800835029,16.961376544599347
M2,73.86510471397327,13.948527522600077,12.186367763426656
M5,49.33406905046501,26.564120997970928,24.10180995156406
M6,22.178208286102276,37.388275990380016,40.43351572351771
M8,11.299285188766786,3.7963083668480997,84.90440644438512
M9,82.65331584069351,5.7739221885596255,11.572761970746866
M10,7.24866769096725,76.26581575318373,16.485516555849017
M2,72.89539183594977,13.40492050293201,13.699687661118224
M5,47.44221135569691,26.632222056613692,25.925566587689396
M6,19.347610774850256,37.54753623011852,43.10485299503123
M7,44.41815318940625,44.31534090033562,11.266505910258132
M9,81.28728941027221,5.423822855653102,13.28888773407469
M10,3.9466094903949815,75.94859408594834,20.10479642365668
M2,69.9835809518756,17.14000764474975,12.876411403374654
M5,46.982309434983996,27.90953919583496,25.108151369181044
M6,20.09574393415743,39.5242167813431,40.380039284499475
M7,38.87612880218474,52.02647891602323,9.097392281792033
M8,6.478136697465969,4.0620897285816655,89.45977357395236
M10,2.8440802108219225,80.7198070986237,16.436112690554367
M2,73.93498153954243,13.5255306521484,12.539487808309167
M5,49.663892769669914,25.800204550524125,24.53590267980596
M6,22.190564153596167,36.80803190247349,41.00140394393034
M7,46.03414089011562,44.562200055525736,9.403659054358641
M8,10.566623191259435,3.8039071293105304,85.62946967943003
M9,82.09786560129135,5.656177912210175,12.245956486498478
M2,72.64645274837336,13.050921841241543,14.302625410385094
M4,21.700047966921577,18.202009206228418,60.09794282685001
M7,48.04938790639905,45.780012596503035,6.170599497097918
M8,11.823758353576743,3.2672904517923436,84.9089511946309
M9,84.50773922050705,6.0541748626244845,9.438085916868467
M10,7.656988061675759,78.45022956253746,13.89278237578678
M2,76.59902330632475,12.67494853544539,10.726028158229857
M4,25.876824742167944,20.750855888100958,53.3723193697311
M6,26.116960077022497,40.25390143271485,33.629138490262655
M8,15.278634341178979,4.004156578235089,80.71720908058593
M9,86.79897667773942,5.7662112648328385,7.434812057427743
M10,8.27422739317746,80.04043348424614,11.685339122576408
M2,75.72535547629329,12.40179342524025,11.872851098466462
M4,21.634882661411595,21.881998065278186,56.48311927331022
M6,22.01174003630545,40.9359557956865,37.05230416800804
M7,47.450421006844046,44.653084809639765,7.8964941835161895
M9,85.15506915176124,5.666252373241362,9.178678474997398
M10,4.031584302213727,80.79944368522233,15.168972012563941
M2,71.64661775025054,16.509553738676093,11.843828511073365
M4,24.373015449272927,20.818178591445392,54.808805959281685
M6,23.070753209213354,42.16171334325626,34.76753344753039
M7,41.69536973549494,51.93410776760917,6.370522496895887
M8,8.669869588499012,4.6658874313883345,86.66424298011265
M10,4.005022867890461,83.52941637353535,12.465560758574185
M2,76.86446504767933,12.253524904444953,10.882010047875715
M4,25.98014486831459,20.303528214356003,53.7163269173294
M6,26.21723639587123,39.521897334096145,34.26086627003263
M7,50.116490121519355,43.98003870895916,5.903471169521488
M8,14.435866705249467,4.079904132278161,81.48422916247237
M9,86.37903625128344,5.624714366700814,7.9962493820157485
M2,69.82142941417447,14.120567818685418,16.05800276714011
M4,20.348538936007394,18.075977330834363,61.57548373315824
M5,47.35778219582539,26.973309861190305,25.6689079429843
M8,12.946520590179102,3.848091890550569,83.20538751927033
M9,84.42574273202058,6.899795010222802,8.674462257756616
M10,7.752158100952846,79.98721756867069,12.260624330376473
M2,69.3496141935239,13.872983132956016,16.77740267352008
M4,17.60398484873507,19.691095926207833,62.7049192250571
M5,45.17008710368555,27.655117249150482,27.174795647163965
M7,43.935721277991576,48.69722541953531,7.367053302473117
M9,82.92894925685721,6.641437060493079,10.429613682649713
M10,4.4558039636465026,80.86602813882101,14.67816789753249
M2,66.94780170666009,16.6261782504366,16.426020042903314
M4,20.40990768423124,17.310372065044135,62.27972025072462
M5,46.01981445934983,27.133417233304026,26.846768307346142
M7,41.19517221148593,52.904411707242744,5.900416081271324
M8,8.319957143031981,3.541222180793433,88.13882067617459
M10,5.430163873471061,81.4412053588132,13.128630767715734
M2,69.49993477484806,14.09285103666335,16.407214188488595
M4,20.00786459913839,18.074258876049885,61.91787652481173
M5,46.91761115602278,26.80376584311063,26.27862300086659
M7,45.432107251963345,49.217583282028166,5.35030946600849
M8,12.167080711289266,3.897743481380114,83.93517580733062
M9,83.43143550915563,6.93600198848759,9.632562502356777
M2,72.92415933388126,13.49758630267415,13.578254363444586
M4,20.311240922791324,22.266643273916475,57.4221158032922
M5,48.34796363777339,28.35432587543603,23.29771048679058
M6,20.78566310136369,42.61665979343883,36.59767710519748
M9,85.04412668631592,6.321128685017354,8.634744628666727
M10,4.39231056647952,82.66850975863069,12.939179674889786
M2,70.18892089139483,17.028891981943662,12.782187126661508
M4,24.00755875331394,19.546002106333518,56.44643914035254
M5,49.36799384792393,28.31952816962452,22.312477982451554
M6,23.51245529488129,41.11333132798135,35.37421337713736
M8,10.078736850041743,4.306735407313849,85.61452774264441
M10,5.45233749347583,83.36458918324092,11.183073323283253
M2,73.47722203472894,13.589802100892705,12.932975864378356
M4,23.804595677271834,19.903426066576156,56.29197825615201
M5,50.78263339235905,27.07165077655531,22.14571583108564
M6,24.250759971290478,40.45048607869401,35.29875395001551
M8,15.453107190988378,4.5858069687059775,79.96108584030564
M9,85.72189101007082,6.5368671098652165,7.7412418800639635
M2,67.79750559586654,17.242166914618824,14.960327489514636
M4,19.45182320705584,21.64271488907494,58.905461903869224
M5,44.70137318793017,29.584909235077998,25.71371757699183
M6,19.086032649968068,43.208887541940314,37.70507980809161
M7,38.4936791964509,53.64568526753387,7.860635536015231
M10,2.3993620644260734,84.25488326844649,13.345754667127437
M2,74.08942321544514,12.665700081196297,13.244876703358566
M4,21.368855355664618,21.153180995858214,57.477963648477164
M5,49.98779532831763,26.64785161099008,23.364353060692288
M6,21.83711201141463,41.05480528461829,37.10808270396708
M7,46.74977321428064,46.156048029207554,7.094178756511809
M9,85.04153632715402,5.9548941049300055,9.003569567915974
M2,69.20351518327872,17.117236901764578,13.679247914956697
M4,22.7661661043832,19.617804015295743,57.61602988032105
M5,47.787880982666366,28.486074039490607,23.726044977843028
M6,22.275380242789225,41.148744398644915,36.57587535856586
M7,40.69993746958757,53.386567774370334,5.913494756042098
M8,9.240723221694449,4.304190364465185,86.45508641384036
M2,69.62338214140107,15.912568077587512,14.464049781011422
M3,4.932323201426177,74.09168369988609,20.975993098687738
M7,43.163246726846964,45.74367077219273,11.093082500960307
M8,11.24624922313799,2.651282972366628,86.10246780449538
M9,76.81247075802277,6.839746393002646,16.347782848974585
M10,4.845553983549548,74.56068101436084,20.59376500208961
M2,71.6450458337658,16.84778481440253,11.507169351831664
M3,5.226736666165948,77.3667003655062,17.406562968327847
M6,21.65188662544987,39.976303901385215,38.37180947316492
M8,13.747320625290172,3.1294455368481384,83.12323383786169
M9,76.86316606749462,7.47511606790396,15.661717864601423
M10,2.953638718935083,77.3341321808264,19.712229100238517
M2,71.7113738055054,16.353514953560794,11.935111240933804
M3,2.00894914447612,78.33843030219944,19.65262055332444
M6,16.987011009154543,40.57173942683165,42.44124956401381
M7,39.27311413221864,47.30614093514185,13.420744932639515
M9,75.26905911481231,7.167319467182544,17.563621418005148
M10,0.30009440976599067,75.96617724406632,23.733728346167695
M2,70.66199921841373,17.590760534101925,11.74724024748435
M3,5.320235438427852,77.54595941403363,17.13380514753851
M6,21.286829813726563,42.45500168628455,36.258168499988884
M7,36.54637078577608,52.790730955575576,10.662898258648347
M8,7.661080800311299,4.774816631130326,87.56410256855838
M10,2.3707898139123705e-16,82.88624800912571,17.11375199087429
M2,72.2906701240688,15.835315812315292,11.874014063615911
M3,5.025813745085191,76.93200620311005,18.042180051804763
M6,21.635538419038895,39.041103818942844,39.32335776201826
M7,42.17044090924343,46.17797698057062,11.651582110185949
M8,12.364915047285608,3.4121678335103316,84.22291711920406
M9,77.32955506885563,6.88559155812016,15.784853373024214
M2,67.11122423787232,17.558061642833998,15.330714119293681
M3,3.7127379879289903,76.32143214959625,19.965829862474763
M5,46.08778326116781,28.76047575726589,25.151740981566302
M8,13.249492382780154,3.7509743540715705,82.99953326314828
M9,77.46215129187622,7.37906950405393,15.158779204069845
M10,5.921765347133295,77.12822645041847,16.950008202448245
M2,66.87605681852962,17.407683141461238,15.716260040009143
M3,0.6998020969058945,78.75964223468186,20.54055566841224
M5,41.650532178937304,31.09292418508386,27.256543635978836
M7,39.00230979628211,49.23030665428841,11.767383549429475
M9,74.99388424246352,7.123004071168664,17.883111686367812
M10,2.5470144920501596,76.59156975969992,20.861415748249925
M2,66.38040508126923,17.26964807547411,16.34994684325666
M3,5.937676099864581,73.48112145815763,20.581202441977794
M5,46.891391361224365,26.949202949588443,26.159405689187192
M7,38.255926265132494,52.11345051630217,9.630623218565333
M8,7.8369294337366195,3.4118448244419786,88.7512257418214
M10,2.684635238124211,79.76493127342407,17.550433488451716
M2,67.137932867342,17.01176607106712,15.850301061590876
M3,3.5811655315500204,76.2165990257274,20.202235442722568
M5,45.63657895246638,28.374241606703894,25.989179440829727
M7,41.85336265411972,48.516566681386124,9.630070664494156
M8,12.15805282943262,3.8679159540906856,83.97403121647669
M9,76.53413868519274,7.271888467453215,16.19397284735404
M2,67.60716266572082,19.34672974219745,13.046107592081729
M3,0.052262359572984994,82.85600599933338,17.091731641093645
M5,40.926747814779354,34.79253821890551,24.280713966315133
M6,16.17653797687392,42.63968006078391,41.183781962342174
M9,73.95531278614597,7.552867286818372,18.49181992703566
M10,1.559131134637122,78.50817045471314,19.932698410649735
M2,69.7146773007047,18.01510578171298,12.270216917582328
M3,6.434358631461927,76.82145352578411,16.74418784275396
M5,50.42427797407887,28.522646616549228,21.053075409371903
M6,22.941336360358928,41.05147728402957,36.007186355611495
M8,9.435537876444874,4.282984617462404,86.28147750609273
M10,1.0531683428250747,82.87354221744405,16.07328943973087
M2,68.66707064109922,17.917337263902493,13.415592094998292
M3,3.6179914163155957,78.87498929441783,17.50701928926658
M5,46.534500684099946,30.015303444464884,23.45019587143517
M6,21.36311728281396,39.471170193027795,39.165712524158245
M8,14.107535719020627,4.505878360786232,81.38658592019314
M9,76.05329526400811,7.386643497679076,16.560061238312812
M2,66.42345485484073,18.612461340591587,14.964083804567686
M3,3.0798999356707815,78.85356453889541,18.066535525433807
M5,43.35358176593441,30.545494919839918,26.100923314225675
M6,17.0239332086702,43.5968578623779,39.3792089289519
M7,33.67281509867184,54.630401973204975,11.696782928123191
M10,0.0,83.21302519970878,16.78697480029122
M2,68.78032154364963,17.64029188949164,13.579386566858727
M3,0.5245619081847149,81.57835279057592,17.897085301239372
M5,42.64428412235411,32.039234944670575,25.316480932975317
M6,17.04618448288244,40.60372260669098,42.35009291042658
M7,37.77018354149496,49.79892950932305,12.430886949181989
M9,74.5007042879011,6.839079740401286,18.660215971697614
M2,68.33588691377027,18.116863022007262,13.547250064222471
M3,5.776795493900113,76.73650437039561,17.486700135704282
M5,48.22489797960798,28.73098734047602,23.044114679916
M6,21.324338406473164,40.999560151897924,37.676101441628916
M7,36.47982161947673,53.50211940570973,10.018058974813542
M8,8.516962403999274,4.275786605864048,87.20725099013669
M2,68.81174052560515,15.4631385544478,15.725120919947054
M3,5.897002000029318,72.52528039761839,21.577717602352294
M4,22.137219178418466,18.957153315595267,58.905627505986274
M8,15.493650607168798,2.8448218380413386,81.66152755478986
M9,81.03233276193113,7.699138261811826,11.268528976257045
M10,5.892183702699892,80.58548931809254,13.522326979207563
M2,69.44023675772607,15.173671683854561,15.38609155841937
M3,2.9665875248191798,74.55109869184969,22.482313783331136
M4,17.88286504805992,21.150933408238572,60.9662015437015
M7,41.426874942776834,50.00512589126517,8.567999165957993
M9,78.97502280800913,7.827444623589936,13.197532568400934
M10,1.7825507640275182,81.69008849700198,16.5273607389705
M2,66.89884434638051,16.69629859715476,16.404857056464724
M3,5.561801783511131,73.18265917137315,21.255539045115725
M4,22.70172854863191,17.919633713201385,59.37863773816671
M7,40.486159064798244,52.21598737264526,7.297853562556497
M8,9.07611887190808,3.559271918200718,87.3646092098912
M10,3.6468885534176674,81.87410920505637,14.479002241525961
M2,69.15576904773374,14.98313907891579,15.861091873350468
M3,5.613664425170334,72.53972135199125,21.846614222838426
M4,21.913806140289637,18.786544380006216,59.299649479704144
M7,44.66925261233124,48.78938398570338,6.541363401965377
M8,14.323437143494296,3.1343015425101464,82.54226131399557
M9,80.40298466106256,7.532283194971703,12.064732143965735
M2,72.40747403652782,16.266382638412015,11.326143325060169
M3,2.9539900411783724,79.65400797545443,17.392001983367194
M4,20.567234770681623,27.006761735515568,52.42600349380281
M6,18.7910545246798,48.201165995614495,33.00777947970571
M9,80.02836233620388,8.926254231843329,11.045383431952787
M10,0.3447606973808519,86.37178404470092,13.283455257918234
M2,72.01568113516578,17.87122504939341,10.113093815440813
M3,5.727195087403468,80.02972228831811,14.243082624278415
M4,30.702309503368433,23.388138573285236,45.90955192334633
M6,27.242206783215334,45.724274482602425,27.033518734182238
M8,13.83110600835428,5.56748382292369,80.60141016872203
M10,2.6371543020629358,87.28316168858358,10.079684009353485
M2,73.01364168869222,15.71737564600161,11.268982665306172
M3,6.307103280075235,77.49923694186711,16.19365977805765
M4,27.461947436630464,23.29832912680122,49.23972343656831
M6,25.727039536354596,44.30090541942635,29.972055044219054
M8,20.58536202693858,4.056625035636104,75.35801293742531
M9,82.57880080545017,8.062924929787872,9.358274264761956
M2,69.44947514662552,18.2485507979735,12.301974055400983
M3,2.9856263388043955,80.88741854150173,16.126955119693875
M4,22.510890478251525,25.728713164018536,51.76039635772994
M6,19.931871478121586,47.97921060221101,32.088917919667395
M7,36.466917911549736,55.36525493251677,8.167827155933495
M10,0.0,87.5553818053834,12.444618194616595
M2,73.41307442259253,15.022527621928432,11.564397955479038
M3,3.3151424951814934,78.33663115808184,18.348226346736666
M4,21.418603277104644,25.063495637323502,53.517901085571864
M6,19.86529155783194,45.7415791311017,34.39312931106636
M7,41.54375756768268,50.514629332255055,7.941613100062263
M9,80.5441631023494,7.976783512326255,11.479053385324343
M2,70.85325407230442,17.762232644433983,11.384513283261594
M3,5.253948190344978,79.26402708725168,15.482024722403352
M4,28.320082160515856,22.87632872146998,48.803589118014166
M6,25.29813808688851,45.107737229202954,29.594124683908532
M7,39.77139315018334,53.984560790596454,6.244046059220203
M8,12.162593081849277,5.338824928976085,82.49858198917464
M2,65.8307203067066,16.90631394126956,17.262965752023845
M3,1.512606612008259,77.52137791587003,20.96601547212171
M4,15.867093523967716,23.39006146382559,60.7428450122067
M5,41.228631019495495,33.06073569103177,25.71063328947273
M9,78.84804511591277,9.122799210533701,12.02915567355353
M10,1.398989664249095,84.97629972162945,13.624710614121454
M2,65.57857649117337,16.98874860028611,17.432674908540523
M3,6.035725723545878,72.58565818993735,21.37861608651677
M4,22.153044122062635,16.909338637276846,60.937617240660515
M5,48.17730972485291,26.90654114325558,24.91614913189151
M8,10.89773540550751,3.65284209905687,85.44942249543563
M10,5.016633400926242,82.10319732216426,12.880169276909498
M2,65.49907711088274,16.52216441898558,17.978758470131684
M3,4.414437913746588,74.29606011292849,21.28950197332493
M4,19.814888628092273,19.198759122680404,60.98635224922732
M5,45.59332040072642,29.204795911389716,25.201883687883864
M8,13.689146455824456,4.60998631714724,81.7008672270283
M9,80.21245098459396,8.813550176577182,10.97399883882886
M2,63.745537686066235,17.44045454022033,18.814007773713435
M3,3.557493290214534,74.73232922323761,21.71017748654785
M4,18.316149488365777,19.159774667541367,62.52407584409285
M5,42.804771564034404,28.572934171887084,28.622294264078512
M7,37.04054850171133,54.03008148345796,8.92937001483071
M10,1.9682174723155712,83.06638837059373,14.9653941570907
M2,66.1566813548311,16.35134752323927,17.491971121929637
M3,1.7484135323640062,77.02044168224238,21.23114478539361
M4,16.36238078576897,22.218954147019883,61.41866506721114
M5,41.813970539323925,31.639066355214506,26.54696310546157
M7,38.744599903302955,54.139332936851176,7.116067159845869
M9,78.21439644223148,8.780574143606922,13.005029414161603
M2,64.6743002949236,17.15788984563023,18.167809859446173
M3,5.587508474264395,72.83988618161403,21.57260534412157
M4,21.222706235251078,17.19198228217778,61.58531148257114
M5,46.52844645079828,27.23645304430567,26.235100504896053
M7,39.911947194780566,53.717983552250345,6.370069252969088
M8,9.992333583947103,3.658294463966533,86.34937195208637
M2,68.75644175907617,19.153301405535814,12.090256835388018
M3,3.4367295410901892,82.22543440665171,14.337836052258098
M4,24.313224512575914,26.02066194975444,49.666113537669645
M5,47.695624023546046,32.628744111972516,19.67563186448144
M6,21.622467060621297,49.00683596685979,29.37069697251892
M10,1.0051330089036006,88.90785305742742,10.087013933668985
M2,68.87037224396386,17.951826120756362,13.177801635279781
M3,1.4640044568389898,82.80981729037943,15.72617825278158
M4,18.59411898178663,28.98455685752961,52.42132416068375
M5,42.89802112456527,36.441528459642456,20.660450415792276
M6,16.679184625613427,52.004171314575984,31.316644059810585
M9,79.30209572675992,9.977532577983023,10.720371695257061
M2,69.93683028831437,18.389450803210895,11.673718908474736
M3,6.137297613984084,79.14215178906737,14.720550596948542
M4,28.577857208066796,22.228459439216206,49.19368335271699
M5,52.471955403089424,30.026905598422257,17.50113899848832
M6,26.5529566082297,44.74393332951602,28.70311006225429
M8,15.07826970359653,5.461692801572549,79.46003749483091
M2,67.58387089778205,18.837823879688433,13.578305222529519
M3,3.302088507243801,80.74868225287305,15.949229239883152
M4,22.29123957661085,24.565053490653945,53.143706932735206
M5,45.794489383501926,31.91266570550791,22.292844910990166
M6,20.215637419277282,47.34860514376536,32.43575743695735
M7,36.18120284803803,56.38997347141893,7.42882368054304
M1,42.75820457094574,29.357479003835202,27.884316425219055
M6,22.046498232456642,38.04294719316118,39.910554574382175
M7,44.63486873196162,45.8929713602598,9.472159907778583
M8,10.05324370595517,3.758236602669745,86.18851969137509
M9,81.46926663408614,6.156331109353025,12.374402256560835
M10,5.194472649847125,77.65519295501217,17.150334395140703
M1,37.53477192905377,29.063063700966985,33.402164369979246
M5,46.859897342546375,26.323930048328084,26.81617260912554
M7,43.91259204449404,47.9544919866165,8.132915968889456
M8,10.86217200404844,3.5203259730080294,85.61750202294353
M9,80.98637155301361,6.692746544947061,12.320881902039327
M10,6.510391974861246,77.66263674844639,15.826971276692362
M1,39.9828913642011,29.60807039988515,30.409038235913748
M5,48.3995022544523,26.646046866477526,24.954450879070173
M6,21.996798290195283,37.48307075154957,40.520130958255145
M8,12.072147029888155,3.829600173812309,84.09825279629953
M9,81.62580465773048,6.547760140387895,11.82643520188162
M10,6.529456747940523,78.08349792650851,15.387045325550957
M1,39.224808811396564,30.711346987493204,30.063844201110232
M5,45.09000645611774,27.991470722145994,26.918522821736264
M6,18.37479227146973,39.199428588569354,42.425779139960916
M7,41.23033977489688,48.06332788318474,10.706332341918376
M9,79.80132761638485,6.487585132635666,13.711087250979482
M10,3.1532227315191648,78.93346877098774,17.91330849749309
M1,37.39005407691053,32.27371547551176,30.336230447577712
M5,47.76513070770055,27.329168324209405,24.905700968090045
M6,21.074011248393813,38.67519880438112,40.250789947225066
M7,39.66919892343382,51.82187639394039,8.50892468262579
M8,7.604993253769787,3.849322013929084,88.54568473230113
M10,3.411594709068445,80.67439621821757,15.914009072713995
M1,39.49815903144503,29.734180551938458,30.767660416616515
M5,47.66785485853784,26.652170205097516,25.679974936364648
M6,21.313891070178126,37.54844252368246,41.13766640613941
M7,43.27824954006364,47.750636741679244,8.971113718257115
M8,11.134090410788957,3.8991476986718374,84.9667618905392
M9,80.58601515543037,6.592425467967109,12.821559376602517
M1,39.37838561121054,28.410337239854194,32.21127714893527
M4,21.792328986725664,17.753148841317312,60.454522171957024
M7,46.19833180798923,47.86123599840457,5.940432193606206
M8,12.225605162092862,3.34765576624456,84.42673907166258
M9,83.52529060742111,6.669661771745335,9.805047620833552
M10,7.027619804408011,79.65028027782378,13.322099917768213
M1,43.59239541892229,29.688026778508643,26.71957780256907
M4,25.57020451978314,19.945285757365244,54.48450972285161
M6,25.263333138050452,40.33358538134545,34.403081480604094
M8,15.309162310580623,3.989789794986168,80.70104789443322
M9,85.4224595574298,6.548596652896667,8.02894378967353
M10,7.408961110687814,81.29212490674803,11.298913982564159
M1,42.53715451134768,30.310014678808457,27.152830809843863
M4,20.848817850844945,21.8297784787911,57.321403670363964
M6,20.74887174190354,41.991008070232155,37.2601201878643
M7,44.04191792244022,48.185009705770526,7.7730723717892545
M9,83.48727308853273,6.595511880085334,9.917215031381936
M10,3.4322021213808402,82.5158719738709,14.05192590474826
M1,39.884858349367086,33.059100205502105,27.05604144513081
M4,25.24239182449129,19.96876028274052,54.78884789276819
M6,23.932707429535977,41.32380533797547,34.74348723248855
M7,42.22033932406937,51.84829305371553,5.931367622215099
M8,9.7925572398006,4.419298071126589,85.78814468907281
M10,4.466629275967187,83.39826706123146,12.135103662801342
M1,43.271477740733786,29.601416957503343,27.12710530176287
M4,24.93868096379927,19.908149785006955,55.15316925119377
M6,24.6286193439315,40.18723748587177,35.18414317019673
M7,46.648898393105966,47.4867319641133,5.864369642780737
M8,14.232859986617592,4.095063467467381,81.67207654591502
M9,84.60801785624572,6.551128537210183,8.840853606544094
M1,36.78515479103189,28.721034414960677,34.49381079400743
M4,20.79534751615911,17.190598549726875,62.01405393411402
M5,47.245333365675556,26.551153175443048,26.203513458881396
M8,12.926320272585656,3.803981455272685,83.26969827214165
M9,83.84744519157219,7.319414125177139,8.833140683250669
M10,7.412347382062103,80.5185397950112,12.069112822926698
M1,36.761333842667575,29.750302749841616,33.48836340749081
M4,17.89866328130969,19.306433208541815,62.79490351014849
M5,44.32892768049883,27.89183874950842,27.77923356999275
M7,42.40229299062887,50.44092908030106,7.156777929070067
M9,82.09702114856094,7.242861309024632,10.660117542414426
M10,4.119002455156677,81.91209101178066,13.968906533062665
M1,34.662055772901056,30.77016406833361,34.56778015876533
M4,20.909053428213532,16.736607301104854,62.35433927068162
M5,46.682612263947085,26.65569769082974,26.661690045223175
M7,41.80622010003064,52.70815028024738,5.485629619721976
M8,9.225165150676242,3.495197438975647,87.2796374103481
M10,5.6387348630736795,81.33515006570468,13.02611507122164
M1,36.33857010928331,28.954451132288536,34.70697875842815
M4,20.231809271870063,17.388816443046885,62.37937428508305
M5,46.40510172381837,26.699507022818324,26.895391253363307
M7,44.31764168920844,50.5106856001597,5.17167271063186
M8,12.217349357993387,3.8906132488963543,83.89203739311026
M9,82.72968274723151,7.407855106675668,9.862462146092824
M1,39.810921864537434,31.101830983222854,29.087247152239712
M4,20.03006672974485,21.618223743671802,58.35170952658335
M5,46.475681783205104,28.971776824829178,24.55254139196572
M6,20.11315887160193,42.754215572272116,37.13262555612596
M9,83.63780999417169,7.166335721331448,9.195854284496862
M10,3.913409070301226,83.68961064388597,12.396980285812802
M1,37.67369984268081,32.461010980731764,29.865289176587424
M4,24.057322035604553,18.459519820341683,57.48315814405376
M5,49.6733418544233,27.600891111119164,22.725767034457537
M6,23.915805645883825,39.79343305703943,36.29076129707675
M8,10.889215569611963,4.084408910723127,85.02637551966491
M10,5.723907692623662,82.88272451049573,11.393367796880597
M1,39.45737110472194,29.81382879276176,30.728800102516296
M4,22.93357644757032,18.70294927608726,58.36347427634242
M5,48.9140985785544,27.192966678762712,23.892934742682886
M6,23.29756888021194,39.67494827908378,37.02748284070428
M8,14.434758137530991,4.392302414804493,81.17293944766452
M9,84.21850536514238,7.271265882136942,8.510228752720682
M1,36.81630477391258,33.95412401316083,29.229571212926594
M4,20.47542004519106,20.846840879225333,58.67773907558361
M5,45.561410886683895,29.047704063764936,25.39088504955117
M6,19.98794524413332,42.41080454583116,37.60125021003551
M7,39.16856451829527,53.38963332401508,7.441802157689651
M10,2.7528714084650256,84.18247828241124,13.064650309123735
M1,39.73084767341067,30.9211663867995,29.34798593978983
M4,19.920280807268554,21.23753458727844,58.842184605453006
M5,46.38163151898582,28.494397864620844,25.123970616393336
M6,19.96773789455437,42.24715317577342,37.785108929672205
M7,42.52442815651133,50.3274911045116,7.148080738977072
M9,82.84124716499093,7.142673627775207,10.016079207233862
M1,36.88978241753126,32.58064964346136,30.52956793900738
M4,23.013693548907142,18.5964397324961,58.38986671859676
M5,48.196316867515606,27.797167090364162,24.006516042120232
M6,22.769693954504806,39.93270225014723,37.29760379534797
M7,41.26655441268654,53.10632409600115,5.627121491312309
M8,10.071075462570345,4.088087164675958,85.8408373727537
M1,37.13545676669376,30.31920637997601,32.545336853330234
M3,5.6387241307084945,73.7677183171479,20.593557552143608
M7,42.11012531978119,47.645226303106305,10.244648377112505
M8,12.043874058704343,2.918780079214873,85.03734586208078
M9,76.59678171025969,7.188745901310365,16.214472388429943
M10,4.2451166934735935,77.399778115433,18.355105191093415
M1,40.29974841543413,32.05912833611857,27.6411232484473
M3,6.340269460144502,76.31761565558563,17.342114884269876
M6,23.039637200566894,39.28024052959335,37.680122269839764
M8,14.611517134048515,3.342315623355911,82.04616724259557
M9,76.81649674719736,7.562870497262198,15.62063275554044
M10,2.6874057326594545,79.96262753384703,17.349966733493517
M1,39.17930808654774,33.23441517203974,27.58627674141252
M3,2.32182412844746,78.86003874219799,18.818137129354554
M6,17.23458094497245,41.59005268234131,41.17536637268624
M7,37.4360827517497,50.018948748775934,12.544968499474365
M9,74.67065948642929,7.647388754520916,17.681951759049795
M10,8.766955156755947e-17,79.71056323770092,20.289436762299076
M1,39.417604969832894,34.08336437929093,26.49903065087618
M3,6.312175704264933,76.66218683121912,17.025637464515953
M6,22.887373302948642,41.23906079483506,35.87356590221629
M7,37.855761686560705,52.330099767607074,9.814138545832222
M8,9.013682208690069,4.406472481289974,86.57984531001995
M10,0.0,83.13146001770312,16.86853998229688
M1,39.8539852589566,31.935230596079883,28.21078414496352
M3,5.7610955436134645,76.43035406862622,17.80855038776032
M6,22.106557804811985,39.200738482350125,38.69270371283789
M7,40.5304882753646,48.588748641090554,10.88076308354485
M8,13.160236244816694,3.5879630265609745,83.25180072862233
M9,76.46223724959972,7.3763630698529274,16.161399680547348
M1,35.113369615415955,30.884649545865937,34.0019808387181
M3,5.047032922457474,74.83653869608568,20.116428381456842
M5,47.350816222134064,26.97437083671344,25.674812941152496
M8,13.395387904466865,3.7154722657748556,82.88913982975828
M9,77.65127890854369,7.601127482705237,14.747593608751075
M10,5.389908315036703,78.8617356644248,15.748356020538495
M1,34.56086134805602,32.33473777062597,33.10440088131801
M3,1.5783129601571182,78.00062637144889,20.42106066839399
M5,41.97228143427337,29.93163587042274,28.096082695303892
M7,38.16151125295478,50.775521794138754,11.062966952906464
M9,75.069292571411,7.613147572605094,17.31755985598391
M10,1.8119344585190458,79.7634588540027,18.424606687478246
M1,34.574706243233315,31.349032538382104,34.07626121838457
M3,6.461785865688747,72.92554342237385,20.612670711937398
M5,47.79749659329056,26.446126266091877,25.756377140617563
M7,39.298215990346144,51.89989269957304,8.80189131008082
M8,9.034739702604579,3.3831601467200767,87.58210015067534
M10,3.2031525765653504,79.96783261077923,16.82901481265543
M1,34.62732540034064,31.064601972025763,34.3080726276336
M3,4.61381620287643,75.12625935663925,20.259924440484312
M5,46.14874602832719,27.272813943949032,26.57844002772378
M7,41.22198260906378,49.80311647818089,8.97490091275533
M8,12.450823622397428,3.872432734966313,83.67674364263627
M9,76.447733535456,7.643272904468183,15.908993560075821
M1,36.26163024569741,34.71288964196442,29.025480112338165
M3,1.1906613014026641,81.22899254589483,17.580346152702504
M5,42.217758922677405,32.29220253250828,25.49003854481432
M6,17.247305472558445,42.33019655339142,40.42249797405013
M9,74.58543886748974,7.9335836555934405,17.480977476916816
