M7,44.69708925992625,46.78319653448736,8.51971420558639
M8,10.851574401305093,3.3526672760087646,85.79575832268614
M9,81.16449547835195,6.449382781503458,12.386121740144588
M10,6.160835092113277,77.56291069259625,16.27625421529048
M6,22.88216217526726,39.028962551417564,38.08887527331517
M8,12.343774189494804,3.806620228351777,83.84960558215342
M9,82.12664398053356,6.4355835466722935,11.437772472794148
M10,5.965908053410095,78.85394001965278,15.180151926937128
M6,19.612927126014107,40.093179339832474,40.29389353415341
M7,42.51764514646793,47.380788875475076,10.101565978056996
M9,80.61612852087248,6.461727088422158,12.922144390705363
M10,3.2308498320077237,79.28583912031587,17.48331104767641
M6,21.788688459736566,40.30186501049956,37.909446529763876
M7,40.411094203237774,51.10973638975707,8.479169407005159
M8,8.54761126807169,4.194958649586634,87.25743008234167
M10,3.1175000400596917,81.66897616514183,15.213523794798476
M6,22.50049204926951,38.87323264484908,38.62627530588141
M7,44.49049099077829,46.84289855164572,8.666610457575992
M8,11.655756413170602,3.87225621136979,84.4719873754596
M9,81.54606396880716,6.430898678094073,12.023037353098765
M5,47.312144891171954,26.73626108890898,25.951594019919067
M8,12.110250256418622,3.724921524994008,84.16482821858737
M9,81.52090305376836,6.828941791858278,11.650155154373358
M10,6.703011156061256,78.47067320739873,14.826315636540016
M5,44.64552425064879,27.847303052824344,27.507172696526865
M7,41.917248840079864,48.69402622089177,9.388724939028364
M9,80.0621054649664,6.799407149837236,13.13848738519637
M10,4.196248566702314,79.08985696347291,16.71389446982478
M5,46.48960573197831,26.895633094379253,26.61476117364244
M7,40.546676414305864,51.5260493808997,7.927274204794436
M8,8.66368376802653,3.5517976137408462,87.78451861823262
M10,4.633097718045005,80.18920764311774,15.177694638837252
M5,46.78003630003257,26.745919361443764,26.474044338523665
M7,43.620295281364236,48.49205855368602,7.887646164949743
M8,11.47177183505772,3.7690287908432922,84.75919937409898
M9,80.72675027465947,6.873757964036191,12.399491761304343
M5,45.72194146096357,28.799227807341975,25.478830731694455
M6,19.385530832300887,40.52021384290527,40.09425532479384
M9,80.76953381811812,6.793874801100718,12.436591380781163
M10,3.8373267914796356,80.34324375453112,15.819429453989244
M5,48.43851540255027,27.658994367247555,23.902490230202172
M6,22.188605319101843,39.4878998342042,38.32349484669396
M8,9.681723376067369,4.008517857429032,86.3097587665036
M10,4.311959587163549,81.53689833370962,14.151142079126842
M5,48.24620950319549,27.313528296824895,24.440262199979617
M6,22.159568576617907,38.743023750937574,39.09740767244451
M8,12.828777457356123,4.1630965066453225,83.00812603599856
M9,81.4756038996456,6.816995380140838,11.707400720213556
M5,44.81180767855307,28.88029005254484,26.307902268902087
M6,18.903759842170768,41.158543045147724,39.937697112681505
M7,38.10771293752531,52.388049702861444,9.50423735961325
M10,2.0752186162786934,82.29319920399229,15.631582179729023
M5,45.66115961844735,28.41205457789212,25.92678580366053
M6,19.26960087394625,40.17481250603902,40.555586620014736
M7,41.52168550916216,48.88951003324487,9.588804457592971
M9,80.17448387137742,6.7770064994065,13.048509629216081
M5,47.377428411257355,27.831763048814647,24.790808539927998
M6,21.39264991371227,39.59503580155441,39.01231428473333
M7,39.844670047188956,52.039613559504176,8.115716393306869
M8,9.124183299496485,4.030345235660022,86.8454714648435
M4,22.13146867326525,18.294623861577506,59.57390746515725
M8,13.40270648591451,3.533025286578877,83.06426822750662
M9,83.60452449524412,6.8377346281528855,9.557740876602994
M10,7.079203347893587,80.17448408890142,12.746312563204995
M4,19.3263069171771,19.85030477330627,60.82338830951662
M7,43.68063433565788,48.77557844586748,7.543787218474641
M9,82.2774325596412,6.862883276673406,10.859684163685396
M10,4.347222030915457,81.14744261866436,14.505335350420182
M4,21.968010076487342,18.004509252930895,60.02748067058176
M7,42.0957751916317,51.48849242486292,6.415732383505379
M8,9.606719904887836,3.6580634979135342,86.73521659719863
M10,5.183533985804954,81.55868152172567,13.25778449246937
M4,21.796346612021043,18.330357537974447,59.87329585000451
M7,45.5299620906478,48.40234133358296,6.06769657576924
M8,12.76610552227441,3.6098556948108853,83.6240387829147
M9,82.93823133744631,6.864189039163857,10.197579623389831
M4,21.386694224397072,22.24952321155399,56.36378256404893
M6,21.319468016571996,42.78478825258479,35.89574373084322
M9,83.59476763648091,6.8884466284484045,9.516785735070686
M10,4.059572181619385,83.04615299597019,12.894274822410424
M4,25.493695968663797,20.291966614110308,54.21433741722589
M6,24.499791639239696,41.676443344725726,33.82376501603457
M8,11.661682924955377,4.440904588381798,83.89741248666283
M10,5.07851880228675,83.63755513925616,11.283926058457084
M4,24.895590173471856,20.396494535790445,54.707915290737695
M6,24.68708992635454,40.97055226860317,34.3423578050423
M8,15.463519637775844,4.237009033691231,80.29947132853292
M9,84.5203800582515,6.823628260525738,8.655991681222758
M4,21.402667444117963,21.918997939287554,56.67833461659448
M6,20.709382067153946,43.17107429916102,36.11954363368504
M7,39.98345050864646,52.42465220858347,7.59189728277007
M10,2.6228831686810175,84.30217347404614,13.074943357272844
M4,21.348662273454515,21.876581772479046,56.774755954066435
M6,21.26199600184426,42.30061989685072,36.437384101305014
M7,43.80943443376532,48.87376770353718,7.3167978626974985
M9,83.1057619377509,6.841558983661273,10.052679078587829
M4,24.580540366391883,20.325924812466738,55.093534821141375
M6,23.627874291145286,41.670418637826856,34.701707071027855
M7,41.896423025873226,52.000276809473476,6.103300164653298
M8,10.980882905577321,4.441568252755868,84.57754884166681
M4,18.694855745706768,19.824488364592394,61.48065588970083
M5,45.09094913936921,28.360205998266856,26.548844862363936
M9,82.40461545637345,7.351740240242353,10.243644303384198
M10,4.488456802237275,82.24153013651005,13.27001306125267
M4,21.501266570513643,17.239746459799488,61.25898696968686
M5,47.27983922195229,26.892493036263744,25.82766774178397
M8,10.644024423467247,3.7096757728549536,85.6462998036778
M10,5.847773066412535,81.71398548313871,12.438241450448757
M4,20.824070984337364,17.916194852300844,61.259734163361784
M5,47.13151890452462,27.017366817101138,25.851114278374244
M8,13.08726480760504,4.072144341876885,82.84059085051808
M9,83.00029444778197,7.407605319196557,9.592100233021474
M4,19.036407669267213,18.917655166155303,62.04593716457748
M5,44.267316360501844,28.0556524078501,27.677031231648055
M7,39.70652034681031,52.7472551568646,7.546224496325095
M10,3.7073550525008736,82.4918524557212,13.800792491777926
M4,18.57253209117593,19.67376830158591,61.75369960723816
M5,44.893608376617124,28.14573811346353,26.960653509919347
M7,42.353269722250445,50.69299896361044,6.953731314139112
M9,81.74221744200085,7.3710470271175526,10.886735530881598
M4,20.918849370942475,17.42312919018346,61.65802143887407
M5,46.34943812499685,27.100259255038782,26.550302619964366
M7,41.398184180453576,52.655063700594575,5.946752118951849
M8,10.092759584561712,3.72838967151256,86.17885074392572
M4,21.4589749519364,21.228107836339987,57.312917211723615
M5,46.5013848312208,29.35096293646702,24.147652232312183
M6,21.03210620897498,42.842183664743516,36.125710126281504
M10,3.422429339267469,84.51741180672256,12.06015885400997
M4,20.560769361555046,21.84941361939122,57.58981701905373
M5,46.76644712521201,29.256442983641257,23.977109891146732
M6,20.561193525050648,43.13466954530894,36.30413692964042
M9,83.05947263605216,7.375276895095236,9.5652504688526
M4,23.89275204580461,19.31826965680934,56.78897829738605
M5,49.02485712537178,28.149080562539222,22.826062312088997
M6,23.64121166306999,40.80911962982669,35.54966870710333
M8,11.987492887400734,4.377833993107795,83.63467311949147
M4,20.832038268606688,21.16110145934071,58.006860272052606
M5,45.725401438039476,29.371555867936863,24.90304269402366
M6,20.424962926840116,42.73791839005806,36.837118683101814
M7,39.32528404033613,53.451212122931345,7.223503836732526
M3,5.462626024814511,74.2760076055534,20.261366369632086
M8,13.36420118203252,3.1826639778165213,83.45313484015097
M9,78.25847390237121,7.338576550288791,14.40294954734
M10,5.022835805117969,78.63325057455418,16.343913620327854
M3,2.792510639876356,76.32748282157782,20.880006538545828
M7,39.927497089749814,49.27574319305632,10.796759717193865
M9,76.63813692111067,7.409457033280579,15.95240604560875
M10,2.2964127905110345,79.10582623513831,18.597760974350663
M3,6.043194092094299,73.69395069364714,20.262855214258565
M7,39.56746773435374,51.12849199816067,9.30404026748559
M8,9.199792370110515,3.5138698757632865,87.2863377541262
M10,2.8639913670162547,80.49804283773764,16.637965795246103
M3,5.198597362884418,74.3671663977947,20.43423623932088
M7,42.319109411374164,48.404803057098704,9.276087531527132
M8,12.553505669023282,3.315368526853597,84.13112580412312
M9,77.68567577226105,7.300014238338214,15.014309989400736
M3,2.620260770422789,79.33425449436174,18.045484735215467
M6,18.7777182650953,42.7663526115181,38.455929123386596
M9,77.08740128439342,7.835009698861105,15.077589016745472
M10,1.2756978468760858,81.69021078713398,17.034091365989937
M3,6.362352392069788,77.03886837805048,16.598779229879725
M6,23.9031395159332,41.640020292144015,34.45684019192278
M8,11.242084901616769,4.391486147998912,84.36642895038432
M10,1.814251240644293,83.65878938180329,14.526959377552416
M3,5.536055020901757,76.98411836993849,17.47982660915976
M6,23.042457974650905,40.35213734828788,36.605404677061216
M8,14.898071794625837,3.849594168005103,81.25233403736907
M9,78.44186370912918,7.581916892381034,13.976219398489786
M3,3.742831329532259,78.34797156334137,17.90919710712636
M6,19.247221690702027,43.453933258154635,37.298845051143346
M7,36.35981582595993,53.28711267130182,10.353071502738253
M10,3.5385029727045925e-17,84.03770132187792,15.962298678122082
M3,2.728571389248527,78.85649188311865,18.41493672763282
M6,18.80043193546789,42.089911200926736,39.10965686360538
M7,38.955917226165354,50.35330248948034,10.690780284354304
M9,76.90422070687892,7.615123754523416,15.480655538597667
M3,5.949092761218618,76.93762762109043,17.11327961769095
M6,22.83138618089588,41.578154480993625,35.5904593381105
M7,38.611111244057504,52.444815848717376,8.94407290722512
M8,10.476088743985283,4.3874604319057005,85.13645082410902
M3,2.025622676767753,77.86488619853135,20.109491124700895
M5,43.13099513251991,30.12394183623843,26.745063031241664
M9,77.04921423518843,7.81077143334611,15.14001433146546
M10,2.5769188681867448,80.9441231737984,16.47895795801486
M3,6.320483797255987,73.46297265197425,20.216543550769757
M5,48.03383540466684,26.68332893279915,25.282835662534012
M8,10.618232529193905,3.6084755354629925,85.77329193534311
M10,4.028252168495243,80.73618216970833,15.235565661796429
M3,4.64560318378364,75.20171502814173,20.15268178807463
M5,46.684762006676294,27.63493754263751,25.680300450686197
M8,13.205613904580638,4.07297954672364,82.72140654869571
M9,78.06408189511485,7.739851337521724,14.196066767363423
M3,4.009999665714365,75.16672263262059,20.82327770166505
M5,43.843414412454024,28.147690658871323,28.008894928674653
M7,37.14305961423,52.521722497899276,10.335217887870726
M10,1.7612506330711812,81.44464519692576,16.794104170003052
M3,2.118134856476039,77.64712642503119,20.23473871849278
M5,43.023680757616894,29.707895064413922,27.268424177969184
M7,39.006375971198004,51.10645874998079,9.887165278821207
M9,76.4368389978728,7.745030845871034,15.818130156256167
M3,5.953141457466731,73.65628674579261,20.39057179674066
M5,46.86629395761669,26.950623145528038,26.18308289685527
M7,39.27187389657097,52.123723309244276,8.60440279418475
M8,9.973145803408725,3.62901080652503,86.39784339006624
M3,3.9566855503238254,78.522760205926,17.52055424375017
M5,45.923272041693316,29.976934139257676,24.099793819049008
M6,19.989485031243706,43.03876315601799,36.971751812738304
M10,0.8614554337722746,84.41341933937323,14.725125226854487
M3,1.8863634872041866,80.58789149096528,17.52574502183053
M5,43.64128737659124,31.75193558096882,24.606777042439944
M6,18.43744666085401,43.13121509913646,38.43133824000953
M9,76.74000644497681,8.066965785853858,15.193027769169328
M3,6.3605644921999,76.32981004329844,17.309625464501664
M5,49.49901301079914,28.203107612164878,22.297879377035983
M6,23.372391131454002,40.51138197584758,36.116226892698414
M8,11.816806148876184,4.3118299199548655,83.87136393116896
M3,3.823687092643702,78.2683621418154,17.907950765540903
M5,44.95257201156711,29.985374694387232,25.062053294045654
M6,19.308803283895937,42.81774681759688,37.87344989850718
M7,36.079383204511146,54.03806226985861,9.882554525630248
M3,3.291359378847043,75.80596924588808,20.902671375264873
M4,19.327973999445796,20.991955810248967,59.680070190305244
M9,79.71095671042897,8.072596515640402,12.216446773930624
M10,2.4941910676524595,83.45571355804776,14.050095374299772
M3,6.201302672728299,73.43407698645943,20.364620340812266
M4,23.566498480062155,17.82228335748629,58.611218162451564
M8,11.63838729480675,3.6603274593716355,84.70128524582162
M10,4.646908235414019,82.33975512860425,13.01333663598173
M3,5.760577017161028,73.41939591362403,20.820027069214945
M4,22.449788614996713,18.562414593092722,58.987796791910554
M8,14.78520404260378,3.6256286699962637,81.58916728739996
M9,80.65751697007802,7.8639058121471415,11.478577217774838
M3,4.100338952210142,75.09190624340401,20.80775480438585
M4,20.263070676992612,19.763070751132556,59.97385857187483
M7,38.734074316305374,52.72203971109345,8.543885972601174
M10,2.2169633584532202,83.24316361459057,14.539873026956215
M3,3.3282737698553504,75.60845315898227,21.063273071162385
M4,19.280399006185917,20.704163066955783,60.0154379268583
M7,40.79205765452387,51.427592425841794,7.780349919634332
M9,79.22267197665606,7.983918359905917,12.793409663438023
M3,5.880083739203513,73.56663004420841,20.553286216588077
M4,22.844205521548854,18.010404326156486,59.14539015229465
M7,40.93875285894504,52.21055562857265,6.850691512482314
M8,10.991906691376157,3.7023817920630386,85.3057115165608
M3,4.007834737469171,79.94719676913964,16.044968493391195
M4,24.248004997904356,24.03525668931146,51.71673831278418
M6,22.201414351458492,46.16052998497803,31.638055663563478
M10,1.452897863179175,87.13260881609982,11.414493320721007
M3,3.281924835066201,79.56739158306266,17.150683581871135
M4,21.843128145938127,24.57632757148953,53.58054428257235
M6,20.434569615260536,46.31704133107087,33.2483890536686
M9,80.5175878850557,8.497666727279844,10.984745387664452
M3,6.2338577328371025,78.2822872865025,15.483854980660396
M4,28.264689289475186,21.763268563531685,49.97204214699313
M6,26.26683963184008,43.75983636878447,29.973323999375445
M8,14.833579555478483,4.987458079098198,80.17896236542332
M3,3.900703929600422,79.41663802130027,16.682658049099302
M4,23.28152416436268,23.624577109209728,53.0938987264276
M6,21.430522539177975,45.64089136591531,32.92858609490672
M7,38.061288582779,54.419632173384166,7.519079243836835
M3,4.177598253885198,75.00887833842155,20.813523407693253
M4,20.220239073849964,18.99540870634923,60.7843522198008
M5,45.01949702613116,28.283734620435506,26.69676835343333
M10,2.942526833962681,83.55834763668084,13.499125529356476
M3,2.591084235567238,76.86057130294702,20.54834446148574
M4,18.369144349085516,21.03435817667444,60.59649747424004
M5,43.50014216085204,30.346726088216975,26.15313175093098
M9,79.31621592453997,8.649377535087764,12.034406540372261
M3,6.070276990600389,72.96131168459881,20.968411324800798
M4,22.1092531477864,17.10365593994185,60.78709091227175
M5,47.75142235810225,26.907185835186205,25.341391806711542
M8,11.86622324744049,3.9090129020348643,84.22476385052465
M3,4.0469831508281935,75.04723798123584,20.905778867935965
M4,19.66926635705568,19.115758798172884,61.21497484477144
M5,44.17707286067925,28.46946259362778,27.353464545692965
M7,38.22902346608211,53.76165913410972,8.009317399808168
M3,4.073661383307314,79.78047526408152,16.145863352611173
M4,23.679663557446762,23.180239185219204,53.140097257334034
M5,47.42538794628694,30.966544422190367,21.608067631522694
M6,22.091664685424973,45.64333835484223,32.2649969597328
M2,72.42448213992235,13.851613295259849,13.723904564817804
M8,12.514890796801835,3.2135407491663917,84.27156845403177
M9,81.88804147870252,6.1479011061504405,11.96405741514704
M10,6.8205416902610105,77.11171530229868,16.067743007440313
M2,71.74508537183027,13.791963677931117,14.462950950238612
M7,44.69246370409881,45.46374277146657,9.843793524434616
M9,80.89524599028213,6.05995894005343,13.044795069664435
M10,4.269192698305481,77.42904784859067,18.30175945310384
M2,68.70050458069483,16.318390113591118,14.981105305714056
M7,40.12095264031762,50.971909492567,8.907137867115381
M8,8.110255054858527,3.586029631252939,88.30371531388853
M10,3.884283939156013,80.08044573285864,16.03527032798536
M2,72.4964173595639,13.633091204468998,13.870491435967095
M7,46.20059063345023,45.29533253370037,8.5040768328494
M8,11.9503461681884,3.285700831819858,84.76395299999174
M9,81.51709695337823,6.089650196283515,12.393252850338257
M2,73.94989787854836,13.739731664308087,12.310370457143557
M6,21.05442502924562,40.21509163479312,38.73048333596126
M9,82.06173066315854,6.018059645803977,11.920209691037481
M10,3.753210706187822,79.16776243640344,17.07902685740875
M2,71.12768627511582,16.572414691852593,12.299899033031586
M6,22.182903533549588,40.84404190345389,36.973054562996516
M8,9.350819303340103,4.220050895531172,86.42912980112872
M10,3.3124560998095336,82.07353507145959,14.614008828730874
M2,75.10695269233453,13.449467091815333,11.443580215850137
M6,24.2605584256947,38.780247043810306,36.959194530495
M8,14.140567891133813,3.7569018591203087,82.10253024974588
M9,82.94588655159133,5.9679921633696615,11.08612128503901
M2,69.03908006061937,16.8055296264175,14.155390312963132
M6,18.719775900150434,42.22708198205233,39.05314211779723
M7,38.02125276429128,51.91449310086495,10.064254134843765
M10,1.1622234051440437,82.59183951387456,16.245937080981392
M2,74.55143348617251,13.22026051100327,12.228306002824217
M6,21.588487778521095,39.3785471988563,39.0329650226226
M7,45.799259154065744,44.62820444910243,9.572536396831829
M9,82.11769261544988,5.81260268514938,12.069704699400738
M2,70.51093727597807,16.623219662310944,12.86584306171099
M6,21.42902325379742,40.856577439313114,37.71439930688946
M7,39.69789125091845,51.53596551103333,8.766143238048215
M8,8.850272238341358,4.238119409029403,86.91160835262923
M2,69.4326073835407,14.784062074022621,15.78333054243668
M5,45.20406313918543,28.493131915069558,26.302804945745013
M9,80.63536526266651,6.559231635141954,12.805403102191535
M10,4.43077692848455,79.03074035113072,16.538482720384735
M2,67.66832541701602,16.72049709341927,15.61117748956471
M5,46.17673403943174,27.35967260523645,26.463593355331806
M8,9.284195824596397,3.5672535925184494,87.14855058288515
M10,4.7198584399296015,80.43412341143436,14.846018148636048
M2,70.16149157038518,14.677798955375662,15.160709474239157
M5,47.140934374565006,27.224449125176477,25.634616500258517
M8,12.658733618035335,3.811216893936864,83.5300494880278
M9,81.08403488628254,6.691235027166129,12.224730086551332
M2,65.77144433354472,16.94285378234409,17.285701884111187
M5,42.911925274462995,28.646981398473184,28.44109332706382
M7,37.83717233467224,52.318571511143546,9.844256154184215
M10,2.722196927035294,80.94307095060627,16.33473212235843
M2,69.74037686400771,14.465868914378177,15.793754221614108
M5,45.59124854955795,27.827683476803106,26.58106797363894
M7,43.165569532898566,47.54853441621268,9.285896050888752
M9,80.29382002181487,6.465420963292978,13.240759014892156
M2,67.04919507083432,16.83312700859191,16.117677920573776
M5,45.23348931619031,27.60197527598861,27.16453540782108
M7,39.382334402291285,52.22454131628393,8.393124281424782
M8,8.75937821320163,3.6009386272635977,87.63968315953477
M2,67.6684370729459,17.303272340271597,15.028290586782497
M5,44.54409702167567,29.71630847633695,25.739594501987384
M6,18.966097905803277,41.89443733390934,39.13946476028738
M10,2.1486179930179645,82.7633872565858,15.087994750396234
M2,71.9533084988288,14.337673280900008,13.709018220271188
M5,47.43709135654789,28.499274972570017,24.063633670882094
M6,20.388898799898463,40.47783787211743,39.133263327984096
M9,81.47364511034667,6.309682475488214,12.21667241416512
M2,69.12834250065195,17.108050507310278,13.763606992037769
M5,47.19043413797634,28.368757535095163,24.440808326928497
M6,21.527789747857454,40.09075352023313,38.38145673190942
M8,9.865967750398962,4.068796024057972,86.06523622554306
M2,67.24795241412015,17.348287726333158,15.403759859546692
M5,43.850624573300465,29.757503267972197,26.391872158727338
M6,18.47152200269831,41.82557583880863,39.70290215849306
M7,37.242814965777505,53.030130394111396,9.727054640111099
M2,71.42952394712476,13.764466199893246,14.80600985298199
M4,20.050726625854818,20.392478654654408,59.55679471949077
M9,83.15271615835964,6.544213804260714,10.303070037379648
M10,4.604539605251124,81.13728821546685,14.258172179282028
M2,68.47056297642544,16.200542420059147,15.328894603515412
M4,22.144702222632706,18.191084757605832,59.66421301976146
M8,10.297448899168325,3.647444456104908,86.05510664472676
M10,5.283249766741544,81.77795901718333,12.938791216075117
M2,71.9271908015977,13.609149638975545,14.463659559426752
M4,22.654969661599758,18.589023770750284,58.75600656764996
M8,14.481265909969077,3.5258646732753443,81.99286941675557
M9,83.68120349531972,6.561517071092206,9.757279433588073
M2,67.07765692928614,16.416939501947244,16.50540356876662
M4,19.12916234074404,19.96592816549797,60.904909493757984
M7,39.54018510571757,52.183944161229476,8.275870733052955
M10,3.1551353487246514,82.4333845292708,14.411480122004548
M2,71.83344748121398,13.436584934044,14.72996758474202
M4,20.35475997810462,19.99456586426381,59.65067415763157
M7,45.59508962337015,47.07246028839489,7.332450088234957
M9,82.91838268649306,6.427338009380476,10.654279304126463
M2,67.97248592791401,16.27865655267471,15.748857519411281
M4,21.511200321648182,18.363600307160034,60.12519937119179
M7,41.13734017483204,52.02163237717359,6.841027447994371
M8,9.768641823565316,3.6913172750238696,86.54004090141082
M2,69.79324880954863,16.76382708219401,13.442924108257362
M4,21.914717576084392,22.721352634967335,55.36392978894827
M6,21.05729751531364,44.048837901679015,34.89386458300735
M10,2.7162442054514435,84.87131413131092,12.41244166323763
M2,75.00232020590316,13.167422321625075,11.830257472471764
M4,23.460342404036698,22.474118284324963,54.06553931163835
M6,23.20393354079056,42.50555384132168,34.290512617887764
M9,84.87183761599987,6.249500960479203,8.878661423520931
M2,71.09234489298396,16.548934236745037,12.358720870271004
M4,25.34930499820032,20.79432612676758,53.856368875032096
M6,24.14787242445594,42.32033256380155,33.53179501174251
M8,12.133426734753508,4.521799125426406,83.34477413982007
M2,69.42245773665856,16.746242939941762,13.83129932339968
M4,21.318476851681943,22.56296404462399,56.118559103694075
M6,20.51666672400484,43.83872587403637,35.644607401958794
M7,39.50221287194369,52.78899703461968,7.708790093436626
M2,65.65699856068795,16.819207227596632,17.523794211715416
M4,18.99105793678948,19.32750239819028,61.68143966502025
M5,43.825239192226285,28.76709726622336,27.407663541550356
M10,3.6969329252433014,82.83607092287852,13.466996151878178
M2,68.93481349331917,14.57839283742996,16.486793669250872
M4,18.73100837330738,20.52103267417045,60.747958952522175
M5,45.3813435670207,28.842954897185145,25.775701535794155
M9,82.23279688868217,7.20052483935195,10.566678271965877
M2,66.53619801261166,16.663865407512084,16.799936579876253
M4,20.8692496418825,17.593770479554912,61.53697987856258
M5,45.95801231584877,27.57509254836062,26.46689513579061
M8,10.66882314049563,3.7857260877707795,85.54545077173358
M2,65.31106052848521,16.90348427521952,17.785455196295267
M4,18.537759534521623,19.42695801170592,62.03528245377245
M5,43.1627104415925,28.907638759250652,27.929650799156846
M7,38.645747080846604,53.49370213813032,7.860550781023079
M2,67.89576742640467,17.292847583940084,14.811384989655242
M4,21.124017682598257,21.862792463220742,57.01318985418099
M5,45.61426243973662,30.202616915966104,24.183120644297276
M6,20.55749186686663,43.60085952880029,35.84164860433308
M2,69.07615675002798,16.357747780925845,14.566095469046179
M3,2.331001572772199,76.92140830888059,20.74759011834722
M9,76.9560391220488,7.6795386148794895,15.364422263071717
M10,2.285808845157759,79.3382745437736,18.375916611068646
M2,67.5671588511635,16.842233760011073,15.590607388825429
M3,6.119310771304569,73.91916912245668,19.96152010623875
M8,9.973225169523836,3.4789229630916187,86.54785186738455
M10,2.98254183572959,80.82776609560672,16.18969206866369
M2,69.41310649267665,15.908490107242496,14.678403400080857
M3,5.059128606654034,74.50239001282543,20.438481380520543
M8,14.39792006619112,3.122220607015423,82.47985932679346
M9,78.01021900322183,7.445421994176879,14.544359002601286
M2,65.86755340481318,17.233554689577133,16.898891905609688
M3,3.8984880831854505,75.37068245088558,20.730829465928963
M7,36.47569404247838,52.259467443205864,11.264838514315755
M10,0.8522672566889847,81.39191515928322,17.755817584027795
M2,69.64573920772625,15.719313184750897,14.634947607522852
M3,2.509052544654571,76.47789449815508,21.013052957190354
M7,41.296537045209604,48.271619837086135,10.431843117704261
M9,77.07582056600978,7.325234958842318,15.598944475147901
M2,66.98027045285981,16.940695403676344,16.079034143463844
M3,5.782236719149095,74.05206259776604,20.165700683084864
M7,38.46215971963242,51.77840036321931,9.75943991714827
M8,9.386545397881827,3.539819449575682,87.07363515254248
M2,68.52286740195292,18.049704804010148,13.42742779403693
M3,3.7972506943700512,79.29438470789046,16.908364597739492
M6,19.56489942298618,44.738902975990136,35.69619760102369
M10,9.872829101958632e-17,84.98611180909622,15.013888190903785
M2,71.5185027955111,16.429804930787725,12.051692273701178
M3,2.304661814023062,79.87824205330034,17.817096132676596
M6,19.505838542225632,43.25646038555728,37.237701072217085
M9,77.87892217725043,7.828922038733828,14.29215578401574
M2,70.00830069457909,17.565580884818456,12.426118420602453
M3,6.131404398430808,77.60914394771157,16.259451653857624
M6,23.448826066087996,42.44964975120382,34.101524182708175
M8,11.756693835160897,4.479707466683427,83.76359869815568
M2,68.09327357325996,17.97189599369791,13.934830433042126
M3,3.68928313432688,78.89812281834985,17.412594047323267
M6,18.987388755303595,44.31038075620146,36.70223048849494
M7,35.714930472984236,53.92876445923768,10.356305067778088
M2,64.54933318945305,17.635749457431768,17.81491735311518
M3,3.933134248444756,75.6139684832185,20.45289726833674
M5,43.27118005776072,29.06158303423606,27.667236908003215
M10,1.769672063815573,81.90634738652362,16.323980549660803
M2,66.67396940781936,17.40002247790207,15.926008114278574
M3,1.4418907135237171,78.51336938291712,20.04473990355916
M5,42.5414813050065,31.681799955771822,25.77671873922168
M9,76.42682476984052,8.150473319257015,15.422701910902463
M2,65.85237625599552,17.305518251686046,16.84210549231843
M3,5.933509706203443,73.91721870027268,20.149271593523878
M5,46.53069058947235,27.455227798397665,26.014081612129985
M8,10.69379639310188,3.7004548866056304,85.6057487202925
M2,64.18729062629383,17.723898652673174,18.088810721032996
M3,3.800530214511032,75.6674422829275,20.532027502561476
M5,42.45655044552788,29.27926533941793,28.26418421505419
M7,35.9436150926112,53.424108565262095,10.632276342126708
M2,66.61860839370705,18.548141164166278,14.833250442126673
M3,3.786251806294137,79.13874341471711,17.075004778988756
M5,44.66068170753782,31.23308052496795,24.106237767494232
M6,19.457401064054924,44.00740524825638,36.5351936876887
M2,66.0608995673731,17.135942362857595,16.803158069769307
M3,4.103987646458932,75.5355189507225,20.360493402818562
M4,20.381562811403658,20.304501022503167,59.31393616609318
M10,2.2139402796346923,83.73020510745256,14.05585461291274
M2,69.26044403786987,15.597865734652597,15.141690227477529
M3,3.0635843200104373,76.06229220848604,20.874123471503523
M4,19.554594643930947,21.789699175429494,58.655706180639555
M9,79.63756718770988,8.235196227954136,12.127236584335988
M2,66.78793217967586,16.799433718408952,16.412634101915184
M3,5.951011414370997,73.79860884018024,20.250379745448768
M4,23.029375544523333,18.20608415993461,58.76454029554206
M8,11.806515811779455,3.717955850825498,84.47552833739503
M2,65.76634084739796,17.172120475115257,17.061538677486787
M3,3.985996942473322,75.49867118057497,20.515331876951706
M4,19.83149422609222,20.369386368128993,59.79911940577879
M7,37.758010296166546,53.440552593178865,8.80143711065459
M2,69.45032979202693,18.110681845687893,12.438988362285173
M3,3.994578456100954,80.61266752705853,15.392754016840513
M4,24.326585197417536,25.048688257936455,50.624726544646016
M6,22.01203419682681,47.231746503323215,30.756219299849967
M2,64.14790825687862,17.573276696336556,18.27881504678482
M3,3.9785947635350443,75.4848389531645,20.53656628330046
M4,19.615687936726637,19.60498392555218,60.779328137721194
M5,43.60769721527417,29.3671472246383,27.02515556008753
M1,39.33672135044689,29.015677092176798,31.64760155737631
M8,12.71030336508472,3.314170145547196,83.9755264893681
M9,81.16490084152103,6.6290501712764165,12.206048987202552
M10,6.310745898605002,78.33918052892304,15.350073572471956
M1,39.007056661634614,29.690204094406294,31.302739243959092
M7,42.77109176025101,47.65333224498182,9.57557599476717
M9,79.99827092220181,6.632764493194496,13.368964584603692
M10,3.7957707907532434,79.03977754009419,17.16445166915257
M1,36.56773289094643,31.159450839614728,32.27281626943884
M7,40.58987323710941,50.93892572818332,8.47120103470727
M8,8.897764187663258,3.515993269479387,87.58624254285736
M10,4.126577716528422,80.23135069443828,15.642071589033307
M1,39.181078572890044,29.025633865746187,31.79328756136377
M7,44.41080025061827,47.32428545938949,8.264914289992234
M8,12.095682974187238,3.3947395891296877,84.50957743668307
M9,80.59112810301347,6.6407865739535215,12.768085323033004
M1,41.36968015505641,30.763771445185576,27.866548399758017
M6,20.42753120174624,40.84217316087488,38.73029563737889
M9,80.94478507790653,6.661842230793781,12.393372691299689
M10,3.2818501758880183,80.71580767006914,16.002342154042836
M1,39.20948000337578,32.57462112717911,28.215898869445112
M6,22.86743828828278,40.146813491829164,36.98574821988805
M8,10.228349898218434,4.0673699778631205,85.70428012391844
M10,3.6691324820956934,82.02758393057343,14.303283587330881
M1,41.9810766033383,29.91089723452574,28.108026162135957
M6,23.469921453472796,39.11177462326365,37.41830392326356
M8,14.011024979246876,3.8168966566947224,82.1720783640584
M9,81.71682658858394,6.602939726909965,11.680233684506092
M1,37.94919818652676,33.44872688624566,28.602074927227584
M6,19.492888778960392,41.7222898396595,38.784821381380105
M7,38.51301691891958,51.85919315628584,9.627789924794577
M10,1.5167255640402573,82.72824578851173,15.755028647448015
M1,41.46093922670052,30.516340607443688,28.022720165855795
M6,20.439712149931445,40.42579700462511,39.13449084544345
M7,42.85857153660972,47.66989061490642,9.471537848483855
M9,80.59729316048326,6.595811348777037,12.806895490739702
M1,38.630650203377876,32.64622724344672,28.723122553175408
M6,22.106865234543722,40.210834738292014,37.68230002716427
M7,40.163092607851986,51.45979660843087,8.377110783717143
M8,9.685327080167468,4.093422867495341,86.2212500523372
M1,36.97431984093407,30.37782212855371,32.64785803051222
M5,44.70439778080124,28.432397282438348,26.863204936760415
M9,80.04506927578525,7.046047042158898,12.90888368205585
M10,4.078794688813469,80.19502362365157,15.726181687534961
M1,35.341453633582894,31.06169739021846,33.59684897619866
M5,46.793857944426385,26.88238613066391,26.323755924909705
M8,10.002560546576232,3.552295349909963,86.4451441035138
M10,4.906123138602931,80.4567169695281,14.637159891868961
M1,36.98719663340175,29.53991100030262,33.472892366295625
M5,46.77447595090835,27.057278571487103,26.16824547760455
M8,12.645427602303695,3.8278673501488614,83.52670504754744
M9,80.52773170589013,7.113298046419469,12.358970247690397
M1,34.61854269952141,32.086197403632006,33.29525989684658
M5,43.731294827780545,28.09606567705404,28.172639495165416
M7,38.40968263145071,52.1762963977756,9.414020970773691
M10,2.9187132878751036,81.12620390120038,15.955082810924509
M1,36.90614286356311,30.342903297396806,32.75095383904008
M5,44.56767363929249,28.199555058055772,27.23277130265174
M7,41.50413867654404,49.459753814587465,9.036107508868497
M9,79.44939163701552,7.049182157543113,13.501426205441364
M1,34.870378023035336,31.246356689438617,33.88326528752606
M5,45.87461982009095,27.109787387134464,27.015592792774587
M7,39.938372124034885,52.06080115099744,8.000826724967673
M8,9.475026200796798,3.579304666591186,86.94566913261201
M1,36.57241884743496,33.5196347560699,29.90794639649514
M5,45.34883508737411,29.044698806083566,25.60646610654232
M6,19.719778163556185,41.22988429863128,39.05033753781253
M10,2.4235472469863013,82.78088274064056,14.795570012373133
M1,38.96066509668391,31.323294478248577,29.71604042506751
M5,45.90392818843344,29.026304992918377,25.069766818648183
M6,19.745422072365898,40.96551523872558,39.28906268890852
M9,80.2927115973828,7.020736509824522,12.686551892792673
M1,36.87031170871339,32.3517785104398,30.777909780846812
M5,47.685665537664285,27.731660984411352,24.582673477924363
M6,22.050844169984348,39.20811999733553,38.741035832680126
M8,10.549385516436471,3.963398879929571,85.48721560363396
M1,36.154077989207515,33.572729262924284,30.2731927478682
M5,44.63049599473677,29.130926950580427,26.238577054682803
M6,19.199774203929238,41.217940253655264,39.5822855424155
M7,37.83987810331595,52.820363718396194,9.339758178287859
M1,39.01150434113138,29.765309849254997,31.223185809613625
M4,20.06814749897292,19.974303776109494,59.95754872491759
M9,82.31044190448753,7.027608820171715,10.661949275340753
M10,4.273710078256341,81.95490002599838,13.771389895745273
M1,36.48188948689065,31.06880594526658,32.44930456784277
M4,22.518600989293116,17.629763637176055,59.851635373530826
M8,10.898822990010656,3.5986724378524726,85.50250457213687
M10,5.434334612231739,81.69890884338513,12.866756544383136
M1,38.943672954679776,28.975614053374454,32.080712991945774
M4,22.431861013034307,18.09544989806611,59.472689088899585
M8,14.104916716884572,3.5916895711346384,82.30339371198079
M9,82.81880398201682,7.023440190036216,10.157755827946968
M1,35.96228972555663,32.0409011459749,31.99680912846847
M4,19.905708683458183,19.353894941891642,60.740396374650174
M7,39.963109916717414,52.091543193861064,7.945346889421522
M10,3.332055326440414,82.50556721130395,14.162377462255634
M1,39.06178504803182,29.653455503972147,31.28475944799603
M4,20.029035795795437,19.809963194233706,60.16100100997086
M7,43.54862237026481,49.15561727499014,7.295760354745049
M9,81.84061730316793,7.0076256224621405,11.151757074369929
M1,36.067337664350966,31.21100700560868,32.721655330040356
M4,21.935657831500144,17.802049814025303,60.262292354474546
M7,41.536833789807375,51.91454215805274,6.5486240521398855
M8,10.377770660062644,3.637313139035771,85.98491620090158
M1,38.84534320038275,33.968786553968954,27.185870245648296
M4,22.746545561013363,21.866656075997014,55.38679836298962
M6,21.719614136504394,43.34614069025575,34.93424517323986
M10,2.9596748127208565,84.81120399803255,12.229121189246584
M1,42.220135298341226,30.92903065212419,26.850834049534583
M4,22.57213806880449,22.18572096514205,55.242140966053455
M6,22.043281026447417,42.983333189355626,34.97338578419696
M9,83.419658051982,6.984004594166919,9.596337353851084
M1,39.451602759926175,33.100969438530264,27.44742780154356
M4,25.66310644376177,20.031044136687093,54.305849419551144
M6,24.593275035932994,41.5199093375773,33.88681562648971
M8,12.767365659486899,4.393629482497667,82.83900485801543
M1,38.42391946784581,33.903539688379205,27.672540843774982
M4,22.11432702758932,21.78178165952743,56.10389131288325
M6,21.154060189022704,43.20455616393413,35.64138364704317
M7,39.870816361179955,52.710470684114846,7.4187129547051995
M1,34.6200937016609,32.02634452385106,33.35356177448805
M4,19.669809060869436,18.702651107089906,61.627539832040654
M5,44.56412442821934,28.175669736446835,27.260205835333828
M10,3.852368993046558,82.78071915625658,13.366911850696866
M1,36.62655934158666,30.354238647056462,33.019202011356874
M4,18.974756307310795,19.845391388375642,61.179852304313556
M5,44.83917892257362,28.707039335479685,26.453781741946692
M9,81.58705448453657,7.595114844309229,10.817830671154205
M1,34.486393909958146,30.941020726805583,34.57258536323628
M4,21.133457308302418,17.00712632170573,61.85941636999186
M5,46.43593169419383,27.04547252004372,26.518595785762447
M8,11.044801851645914,3.7460033273418913,85.20919482101219
M1,34.29651987234953,32.158226523506485,33.54525360414398
M4,19.214815786626218,18.82224052187557,61.96294369149821
M5,43.887395272357004,28.330244095970908,27.782360631672088
M7,39.18052517626642,53.25242186115016,7.567052962583418
M1,36.87071677395841,33.99583547128211,29.13344775475948
M4,21.774673072005534,20.99801117694023,57.22731575105424
M5,46.24686890221748,29.525974886446647,24.227156211335874
M6,21.156218206281004,42.74850239775924,36.09527939595975
M1,36.83806517665622,31.76144355400683,31.400491269336946
M3,2.798862337010271,76.7078777650119,20.493259897977822
M9,76.71145489180262,7.8211790330693685,15.467366075128014
M10,1.976577099200977,80.90569439004462,17.117728510754404
M1,35.976525980151344,31.561912653491802,32.46156136635686
M3,6.522671276421331,73.4325960271531,20.04473269642557
M8,10.738983681157388,3.445889298211421,85.81512702063118
M10,3.324828690190935,80.87808835244019,15.797082957368872
M1,36.92494024265919,30.672560982863224,32.402498774477586
M3,5.546592807516081,74.14515310413482,20.308254088349102
M8,14.164023301681873,3.305478960509597,82.53049773780852
M9,77.60913662151825,7.647372025517024,14.74349135296473
M1,35.0510258460176,32.72978428036728,32.219189873615115
M3,4.216871744562665,75.09120281286181,20.691925442575524
M7,37.1987982671997,52.09292841195384,10.708273320846459
M10,1.1787509997765244,81.6296936690385,17.191555331184972
M1,36.95692695302491,31.52682754509798,31.51624550187711
M3,2.8626577635050316,76.49663365734128,20.640708579153696
M7,39.81185469772536,50.0205933413717,10.16755196090294
M9,76.44016506082244,7.676179174620104,15.88365576455746
M1,35.46545242279616,31.737898732676168,32.79664884452767
M3,6.165022144850415,73.6039523989296,20.231025456219996
M7,39.14496967455061,51.61310225506921,9.241928070380183
M8,10.146100681645601,3.49902151067874,86.35487780767565
M1,37.8406580520593,35.36911407393069,26.790227874010014
M3,4.195649902366869,78.70418444587841,17.100165651754722
M6,20.565630214592908,43.739365037094885,35.6950047483122
M10,0.12523214654962347,85.07125049773255,14.80351735571783
M1,39.1944903549506,33.58178213284329,27.22372751220611
M3,2.744206104842434,79.5589184249698,17.696875470187763
M6,19.54989986148303,43.24561431763271,37.204485820884265
M9,77.2058255729219,8.09075582545243,14.703418601625675
M1,38.75988056676239,34.04470431802146,27.19541511521615
M3,6.631322504517837,76.7775728569074,16.591104638574762
M6,24.1745079502865,41.370596375580725,34.45489567413278
M8,12.516095330792297,4.301622586737525,83.18228208247018
M1,37.34364132720769,35.21357152921164,27.442787143580667
M3,4.066635860541335,78.4094486611955,17.523915478263163
M6,19.93147775827171,43.46357921937166,36.60494302235663
M7,36.465097705319046,53.5956972594446,9.939205035236355
M1,33.88369454905552,32.73781302766079,33.37849242328369
M3,4.251573789767843,75.1688287502272,20.579597460004948
M5,44.34914012983312,28.258729304821546,27.392130565345337
M10,2.026837237846188,82.00363903046676,15.969523731687048
