8.269724833718470336e-01 4.840498418059261316e-16 1.730275166281525501e-01
5.874731562010937491e-01 1.865810411222419418e-01 2.259458026766642535e-01
8.179462412141540462e-01 2.027391439297416967e-17 1.820537587858459261e-01
2.713223758530697860e-01 6.107112157889627024e-01 1.179664083579674977e-01
6.115219030724969862e-01 1.688972421733275220e-01 2.195808547541754085e-01
6.010168033392985221e-01 3.662117936449892364e-01 3.277140301571224157e-02
4.496523707264605263e-01 4.492634362742620180e-01 1.010841929992775529e-01
8.212009232446326745e-01 5.888506954194401300e-18 1.787990767553674365e-01
8.082725128328689390e-01 1.881043249369893219e-03 1.898464439177611762e-01
5.390459180151307983e-01 4.609540819848688686e-01 1.573752929065534106e-16
6.410268772279257288e-01 2.890746796832162624e-01 6.989844308885789781e-02
6.436268376313417638e-01 2.654514384058844212e-01 9.092172396277381496e-02
7.107659610530612238e-01 2.205316779575193090e-18 2.892340389469388318e-01
6.377805113009887839e-01 2.941461628149465435e-01 6.807332588406471430e-02
7.156672720189536374e-01 1.703898530378963327e-01 1.139428749431500715e-01
4.187798509823332238e-01 5.365655070356899481e-01 4.465464198197682810e-02
5.909291812390682352e-01 3.909071308877724027e-01 1.816368787315933778e-02
6.248308607966921446e-01 1.480588905125290733e-01 2.271102486907787821e-01
8.002905185673991895e-01 0.000000000000000000e+00 1.997094814326007828e-01
5.438336271723204218e-01 4.561663728276795782e-01 2.888460231983611070e-17
6.408644061073078824e-01 2.842178743520435980e-01 7.491771954064854744e-02
4.254546224158783363e-01 4.952599249822404182e-01 7.928545260188119004e-02
3.253502086605944976e-01 6.746497913394055024e-01 1.586668951697407130e-17
3.551689382672146844e-01 6.448310617327852601e-01 0.000000000000000000e+00
4.353818970344585093e-01 5.646181029655416017e-01 0.000000000000000000e+00
7.998117477313355650e-01 2.134230349599206683e-02 1.788459487726723196e-01
5.888446820912000002e-01 2.140051842333315357e-01 1.971501336754684641e-01
6.874087190995983310e-01 7.450552140437556251e-17 3.125912809004014470e-01
8.018121252271364074e-01 7.069384716596288289e-17 1.981878747728634815e-01
6.823123324105376808e-01 2.084954930110449189e-01 1.091921745784173448e-01
7.743940138031047971e-01 6.308286266242915663e-02 1.625231235344660741e-01
5.014525765576731686e-01 4.985474234423266648e-01 2.580932602969671057e-16
4.854548354237716579e-01 3.956181234122353452e-01 1.189270411639930108e-01
5.610662948794115090e-01 4.389337051205884355e-01 7.437754604588320968e-18
6.991824981943848272e-01 4.499302423461282174e-02 2.558244775710024066e-01
6.543540661498494782e-01 2.598285081763828108e-01 8.581742567376766939e-02
4.237162521134101856e-01 4.984840306898001838e-01 7.779971719678964448e-02
7.500633350001089106e-01 3.952123779682575116e-16 2.499366649998907286e-01
6.557832142766523154e-01 2.565061879491306041e-01 8.771059777421699732e-02
6.095096362198919593e-01 3.075476560989464092e-01 8.294270768116160375e-02
5.006229013088714375e-01 4.993770986911286180e-01 2.808605518226480142e-17
6.089089166491246097e-01 3.910910833508753903e-01 7.988401985373721078e-18
2.607155340354754824e-01 7.392844659645242400e-01 2.316431589995915735e-16
5.022262141990265771e-01 4.952287944704447664e-01 2.544991330528753159e-03
4.031209008881001532e-01 5.968790991118997358e-01 0.000000000000000000e+00
5.005244749037226493e-01 4.994755250962772397e-01 6.875912139524154960e-17
6.055134306425778989e-01 3.944865693574221011e-01 8.505215583274082462e-18
5.508352263743994115e-01 4.330443213849435313e-01 1.612045224065710228e-02
8.285360335240583574e-01 9.942762457772536228e-17 1.714639664759414761e-01
6.784390012314553964e-01 2.180802950242547167e-01 1.034807037442897898e-01
5.757192035433611466e-01 3.254515779765035921e-01 9.882921848013534460e-02
1.975898548299987456e-01 8.024101451700013099e-01 0.000000000000000000e+00
6.576466687753657059e-01 1.152695626830581022e-01 2.270837685415761920e-01
6.026083241954941494e-01 1.923103354545446786e-01 2.050813403499612553e-01
6.983867351437533788e-01 4.748904561516006234e-02 2.541242192410864686e-01
5.636004280267595812e-01 4.220572374811973893e-01 1.434233449204303130e-02
6.053440690799647417e-01 3.946559309200352583e-01 2.380967174079329378e-18
5.892966582154391952e-01 2.260438006525653520e-01 1.846595411319954250e-01
5.224235270728896374e-01 4.775764729271104181e-01 2.100981121184625390e-17
5.418312850415278881e-01 4.485088985994226674e-01 9.659816359049458456e-03
2.024386953602791417e-01 7.975613046397208583e-01 0.000000000000000000e+00
3.455141589157725290e-01 6.544858410842275820e-01 0.000000000000000000e+00
5.603821751515435379e-01 2.857615617085932369e-01 1.538562631398632252e-01
2.829473228338452162e-01 7.170526771661545062e-01 3.214281218734877257e-16
5.342563413020774421e-01 4.657436586979225024e-01 3.438400469874755769e-17
3.566218408117571292e-01 6.433781591882428152e-01 7.809784007840190161e-19
2.660770191750354563e-01 7.339229808249645437e-01 0.000000000000000000e+00
5.870352239833730446e-01 2.326936237638046745e-01 1.802711522528223087e-01
6.287907044198798312e-02 9.018436701113293763e-01 3.527725944668265445e-02
6.393429319129108057e-01 2.667269815691160062e-01 9.393008651797331299e-02
4.720829825065768759e-01 4.665131952633169710e-01 6.140382223010618784e-02
4.187018106282927032e-01 4.966049515443471951e-01 8.469323782736004613e-02
7.108499090467141901e-01 0.000000000000000000e+00 2.891500909532858099e-01
6.437718010401513036e-01 2.807331802674415955e-01 7.549501869240705931e-02
7.040165398202429259e-01 1.495443061359713610e-01 1.464391540437858241e-01
3.822656353813493335e-01 6.068034904198094104e-01 1.093087419884123702e-02
3.427859388537048413e-01 6.439326847594311065e-01 1.328137638686406781e-02
6.795515079082876664e-01 0.000000000000000000e+00 3.204484920917123336e-01
6.465487412225022767e-01 2.785952524563443111e-01 7.485600632115343989e-02
7.221401742139260671e-01 3.095262508143300714e-02 2.469072007046409223e-01
5.198074227730964392e-01 4.649487011307804618e-01 1.524387609612307994e-02
5.164804066654521408e-01 4.835195933345479147e-01 2.719840964622679420e-17
5.219661919677387463e-01 3.318131789788630881e-01 1.462206290533981101e-01
5.154268714123231288e-01 4.746440194768037357e-01 9.929109110873116442e-03
4.583998761423781487e-01 2.354667128510879448e-01 3.061334110065339065e-01
5.558361011006425212e-01 4.441638988993574788e-01 0.000000000000000000e+00
5.351463095566389994e-01 4.647346981519119846e-01 1.189922914490435847e-04
6.115294150337917678e-01 2.013514446698396743e-01 1.871191402963685579e-01
4.943219074889044218e-01 5.056780925110955227e-01 3.337557340071171971e-17
5.806933776215634779e-01 3.509641730447514707e-01 6.834244933368505137e-02
4.884899700151616453e-01 5.115100299848382992e-01 1.785575406031665715e-17
4.385588644392878210e-01 4.952733451082924621e-01 6.616779045241980017e-02
7.107722709440391640e-01 2.880936172050456006e-16 2.892277290559605030e-01
5.147080537088094543e-01 4.751575568544245676e-01 1.013438943676597641e-02
7.951269935929543564e-01 0.000000000000000000e+00 2.048730064070455881e-01
4.903361767328209830e-01 5.096638232671790725e-01 1.036011839454177688e-18
4.897575686939854567e-01 5.102424313060145433e-01 6.626772384694400969e-17
5.968263166741001324e-01 2.112918941412685603e-01 1.918817891846313628e-01
5.148807044498449059e-01 4.752170661101001170e-01 9.902229440055008297e-03
5.722242630241437533e-01 3.645030686907560491e-01 6.327266828510028085e-02
3.764371658712355462e-01 6.235628341287644538e-01 0.000000000000000000e+00
7.662003130246188842e-01 6.999394515485430442e-17 2.337996869753810047e-01
8.029718551408018268e-01 7.979999795183934692e-16 1.970281448591973961e-01
7.509632178581802098e-01 4.156954230516440558e-18 2.490367821418198735e-01
3.926139891018480821e-01 6.073860108981519179e-01 0.000000000000000000e+00
6.856810895872044176e-01 1.249519226934282939e-01 1.893669877193672468e-01
5.263732371155812606e-01 3.621667956431771640e-01 1.114599672412416448e-01
6.940069773402880449e-01 5.051899919628165953e-02 2.554740234634302332e-01
7.273302848059335357e-01 6.674685376606558085e-02 2.059228614280008973e-01
5.556971425814999366e-01 4.318708857577088223e-01 1.243197166079113535e-02
6.023349656268607299e-01 2.914807016507063309e-01 1.061843327224329808e-01
6.684290805441078787e-01 1.496169622208838590e-01 1.819539572350083179e-01
7.832708492440345616e-01 8.959298612845561221e-17 2.167291507559653274e-01
4.120443847057415065e-01 3.283354490931663094e-01 2.596201662010920730e-01
3.926953846197270837e-01 6.073046153802729163e-01 0.000000000000000000e+00
6.979569775352613137e-01 1.475290244680546869e-01 1.545139979966839439e-01
6.339482386567205641e-01 2.489933494847517692e-01 1.170584118585277222e-01
7.603921453527943131e-01 3.038108974577840707e-17 2.396078546472056314e-01
6.420310073873068957e-01 2.246159137798364458e-01 1.333530788328567140e-01
5.588073811769208588e-01 4.252819342417802906e-01 1.591068458129898944e-02
2.295111253746953406e-01 2.951097167691479339e-01 4.753791578561567532e-01
8.319899196113007545e-01 0.000000000000000000e+00 1.680100803886993288e-01
8.291272087370576971e-01 3.580840088479980698e-02 1.350643903781424127e-01
8.165504821423198445e-01 1.114059745517810220e-16 1.834495178576801000e-01
5.074684148039515508e-01 4.925315851960483937e-01 0.000000000000000000e+00
6.284792236313551106e-01 3.220567995917705262e-01 4.946397677687425914e-02
7.272259122066822012e-01 1.645427539112377102e-01 1.082313338820800747e-01
7.575969058130559430e-01 3.128498209907924071e-02 2.111181120878648232e-01
7.164027649218469573e-01 7.506077913379934075e-02 2.085364559443536048e-01
7.479468459644301737e-01 1.003176001262203881e-01 1.517355539093494521e-01
6.391047148339255024e-01 2.949443286550583188e-01 6.595095651101620660e-02
5.184307959503072771e-01 2.125656059074214066e-01 2.690035981422713718e-01
7.093635343492653567e-01 1.048271894276434080e-01 1.858092762230913741e-01
6.841822806617975372e-01 1.635127563222524560e-01 1.523049630159500067e-01
7.209767478414487174e-01 5.834439111189180377e-02 2.206788610466593747e-01
6.332980545224929925e-01 3.091847578083117276e-01 5.751718766919516196e-02
7.345601130001959689e-01 7.977766780618143369e-17 2.654398869998039201e-01
6.926818236453589073e-01 1.561370460063822296e-01 1.511811303482587798e-01
7.403040404357799087e-01 5.172423018548689272e-03 2.545235365456715027e-01
6.588578428920874863e-01 3.130004474407699355e-01 2.814170966714267530e-02
5.285583764795306339e-01 4.577423144176656633e-01 1.369930910280381907e-02
8.320480377628056701e-01 0.000000000000000000e+00 1.679519622371942189e-01
5.597759267129126526e-01 4.402240732870872919e-01 0.000000000000000000e+00
4.154123467635487676e-01 4.349908149522382361e-01 1.495968382842129407e-01
7.303852740527745357e-01 0.000000000000000000e+00 2.696147259472254643e-01
6.686014075163313475e-01 1.601608928194819537e-01 1.712376996641867266e-01
5.814997469015520393e-01 4.185002530984479607e-01 1.893675888173559936e-17
7.598192972584383309e-01 1.965534164756473773e-02 2.205253610939968412e-01
1.068676899998623336e-01 8.931323100001373749e-01 2.147493323879329019e-16
6.968637215561926945e-01 1.676679165636497937e-01 1.354683618801575395e-01
5.206721373331549829e-01 4.793278626668449616e-01 0.000000000000000000e+00
3.169509999595657712e-01 6.830490000404342288e-01 0.000000000000000000e+00
5.486540853945975904e-01 4.513459146054021320e-01 2.105216195624248920e-16
5.882840351336491302e-01 3.865642156613706693e-01 2.515174920498011724e-02
4.403383743053737587e-01 5.596616256946261858e-01 1.432629742490336409e-17
6.212230888428096343e-01 3.381349893367611714e-01 4.064192182042927065e-02
5.001716521598975618e-01 4.998283478401023827e-01 7.214178314957883427e-17
5.273398215767889363e-01 4.726601784232110637e-01 2.065808900433880609e-17
6.919894190746930240e-01 1.749557845911545451e-01 1.330547963341524587e-01
5.808065020610131413e-01 2.448469429579658851e-01 1.743465549810209181e-01
7.049724960179888367e-01 1.410538665643198131e-01 1.539736374176914058e-01
4.761866286854630759e-01 4.409398153598541592e-01 8.287355595468283431e-02
6.690123667968067567e-01 2.106462383955004514e-01 1.203413948076928752e-01
5.142522317434352619e-01 4.857477682565647381e-01 3.284077992621597206e-18
7.052024042042418506e-01 1.554937451075110166e-01 1.393038506882469940e-01
5.124856333806412367e-01 4.875143666193586522e-01 0.000000000000000000e+00
4.747106278316620132e-01 5.252893721683379313e-01 1.896526867732057363e-18
7.984343497459035488e-01 9.638733841724479852e-17 2.015656502540962847e-01
5.142958013968349507e-01 4.857041986031649938e-01 0.000000000000000000e+00
3.804523317603458188e-01 4.811637370686328019e-01 1.383839311710214348e-01
5.521603972297564056e-01 4.142692539821496434e-01 3.357034878809397188e-02
5.720749475561288655e-01 3.254319413512234971e-01 1.024931110926475680e-01
5.666679150012122745e-01 4.333320849987877255e-01 3.216760250169011686e-17
5.142678695333284811e-01 4.857321304666716300e-01 0.000000000000000000e+00
5.119490112529571091e-01 4.610558288414290384e-01 2.699515990561403289e-02
4.099397757125652353e-01 5.900602242874335435e-01 1.122419981161547795e-15
5.472453878627482338e-01 4.527546121372517662e-01 0.000000000000000000e+00
7.549896968182114865e-01 0.000000000000000000e+00 2.450103031817885968e-01
5.142179518779500524e-01 4.857820481220499476e-01 0.000000000000000000e+00
5.806850480053091790e-01 2.299801800864281764e-01 1.893347719082627834e-01
6.649191477240485870e-01 3.350808522759514685e-01 1.305286280134633711e-17
5.073726829156566254e-01 4.926273170843432636e-01 1.099310796455196664e-16
6.536395145492023273e-01 2.229985622954859525e-01 1.233619231553116924e-01
5.179491931773740898e-01 4.820508068226258547e-01 0.000000000000000000e+00
7.151241677233254324e-01 1.346395340049300893e-01 1.502362982717445616e-01
2.119382460168349469e-01 1.623909279879136580e-01 6.256708259952513673e-01
5.267548132577436482e-01 4.096166106486343050e-01 6.362857609362194966e-02
1.348023506787525971e-01 7.835294835872049779e-01 8.166816573404236945e-02
6.738310835404195398e-01 1.857116686812112505e-01 1.404572477783692097e-01
7.341780552027646900e-01 1.135480369070682449e-01 1.522739078901670373e-01
5.623664128865537570e-01 3.580707718461978439e-01 7.956281526724845454e-02
5.312312646568618790e-01 4.687687353431382320e-01 9.386185525147200406e-18
6.115778074048979773e-01 2.821771348002842794e-01 1.062450577948176600e-01
4.589381690521282531e-01 5.410618309478717469e-01 0.000000000000000000e+00
7.159781835906438019e-01 1.235155457506602050e-01 1.605062706586959376e-01
5.598492873474659737e-01 4.401507126525337488e-01 3.563378008054312635e-16
5.073137247660507443e-01 4.926862752339491447e-01 1.167083269928462866e-16
7.710064205796013370e-01 4.221752073106490159e-17 2.289935794203986352e-01
5.181697040652037956e-01 4.818302959347961489e-01 1.922174584341756202e-17
7.426837865771286351e-01 9.030564265756402254e-02 1.670105707653072868e-01
4.765101093484363504e-01 2.577643694330494784e-01 2.657255212185142268e-01
7.505700551547778154e-01 0.000000000000000000e+00 2.494299448452222678e-01
7.092182982336832087e-01 1.107397803130969888e-01 1.800419214532197054e-01
3.771271574154480555e-01 6.228728425845520000e-01 0.000000000000000000e+00
4.357987450068401825e-01 5.298535659217150640e-01 3.434768907144464950e-02
4.802547617174154349e-01 2.807418723956086049e-01 2.390033658869759881e-01
2.911628120203526016e-01 7.088371879796474540e-01 0.000000000000000000e+00
5.110187932808728517e-01 4.011289220185175197e-01 8.785228470060967021e-02
7.497932403571614390e-01 5.400824525706025836e-02 1.961985143857782332e-01
6.258654325918031613e-01 2.813026403124507802e-01 9.283192709574608625e-02
7.362616283302102493e-01 6.602264555448485173e-02 1.977157261153049683e-01
7.297351631015788209e-01 1.597449693355375547e-16 2.702648368984209570e-01
7.661744564330116303e-01 2.318954937500725122e-02 2.106359941919810352e-01
8.433406861959275025e-01 0.000000000000000000e+00 1.566593138040724975e-01
7.300739425967709417e-01 1.335900768589640131e-01 1.363359805442650730e-01
7.293958608040763680e-01 7.375391272253464803e-02 1.968502264733889839e-01
6.377347776810312618e-01 2.570930052754968331e-01 1.051722170434719744e-01
7.634091840798398199e-01 2.539150828894803577e-02 2.111993076312122519e-01
4.707767989532536945e-01 2.336904295206543303e-01 2.955327715260919752e-01
9.163252822177382351e-01 8.367471778226162615e-02 2.317056225025599735e-16
3.882500496325904660e-01 6.117499503674095340e-01 5.824427296554644134e-17
6.055460645889493287e-01 1.927315480845751272e-01 2.017223873264755718e-01
7.980276672496425805e-01 0.000000000000000000e+00 2.019723327503573362e-01
5.002472925137627646e-01 4.997527074862370688e-01 6.954583289648670683e-17
4.988970949366442476e-01 5.011029050633554194e-01 1.986946751761251302e-16
6.490052518064569620e-01 3.161053007346181221e-01 3.488944745892497146e-02
5.069717521805608973e-01 4.930282478194391582e-01 0.000000000000000000e+00
7.986334759288001850e-01 1.248801270319543164e-15 2.013665240711985938e-01
7.453212689771269162e-01 4.312364697664858304e-02 2.115550840462245563e-01
3.991001140074605935e-01 6.008998859925390734e-01 2.772247262263754237e-16
7.438577619960105025e-01 0.000000000000000000e+00 2.561422380039894420e-01
5.760177825277631447e-01 4.239822174722369108e-01 0.000000000000000000e+00
5.496027019360962829e-01 4.503972980639037726e-01 2.944026659184120401e-18
7.181782017596235468e-01 6.968650683403787571e-02 2.121352914063386053e-01
6.372916246849776867e-01 1.243422002542804716e-01 2.383661750607418695e-01
6.524526058240872617e-01 3.070955356836889139e-01 4.045185849222396324e-02
3.536638938250230013e-01 6.463361061749770542e-01 0.000000000000000000e+00
7.761620538118180201e-01 0.000000000000000000e+00 2.238379461881819243e-01
7.605069987245843821e-01 0.000000000000000000e+00 2.394930012754156179e-01
5.981175075213318593e-01 4.018824924786678632e-01 2.748371288520457345e-16
4.604220221279456959e-01 5.395779778720544151e-01 0.000000000000000000e+00
7.916271100338976296e-01 5.987303991366077494e-02 1.484998500524416787e-01
2.604279795057413138e-01 7.395720204942586307e-01 0.000000000000000000e+00
6.100120259822674473e-01 3.899879740177324972e-01 5.923963951149230614e-17
6.205760643211448713e-01 2.747308370939436362e-01 1.046930985849114093e-01
6.990459033566651659e-01 1.232865220202999240e-01 1.776675746230349517e-01
7.644094140769841506e-01 9.008431419405471541e-02 1.455062717289610508e-01
8.017141042225320868e-01 0.000000000000000000e+00 1.982858957774679964e-01
7.326044446567908652e-01 5.589838864425833592e-17 2.673955553432090793e-01
6.312536817943791290e-01 2.952419292054628275e-01 7.350438900015801580e-02
7.057657486711043093e-01 1.317038014396571255e-01 1.625304498892385929e-01
6.270782154935604646e-01 2.194811739222217450e-01 1.534406105842177903e-01
4.116019265883031353e-01 5.883980734116963651e-01 4.523922095988404035e-16
7.119577452951548757e-01 1.829168950103717550e-01 1.051253596944733693e-01
6.972007694712120118e-01 1.694436201991811053e-01 1.333556103296069106e-01
6.407237381089333494e-01 2.321150407257056569e-01 1.271612211653609936e-01
1.692246570648837933e-01 8.307753429351161234e-01 1.780756679483099163e-16
7.642815221749862387e-01 2.289459604157420558e-02 2.128238817834393892e-01
7.417350931276500692e-01 7.100453157428351925e-02 1.872603752980662728e-01
5.358564909328185077e-01 3.750498595648993350e-01 8.909364950228229607e-02
5.569971633093980801e-01 4.430028366906018644e-01 0.000000000000000000e+00
7.805718218631318983e-01 2.194281781368681572e-01 0.000000000000000000e+00
7.272171403704942305e-01 8.342956689969517614e-02 1.893532927298104129e-01
7.821461221318416479e-01 9.369731584446094885e-03 2.084841462837122017e-01
6.419612066758955127e-01 1.247971865788759377e-01 2.332416067452285358e-01
4.906330406777909547e-01 5.093669593222089897e-01 1.659167215103420486e-17
7.719572264316035826e-01 8.661872213477529725e-02 1.414240514336211896e-01
7.898197333236286477e-01 1.164020913817816511e-17 2.101802666763713245e-01
4.898919680938677024e-01 5.101080319061322976e-01 0.000000000000000000e+00
6.585713090479637932e-01 2.432203856401151387e-01 9.820830531192113744e-02
4.887646484496108723e-01 5.112353515503890167e-01 1.997275510680377951e-18
6.450524690029076913e-01 1.777898396408770232e-01 1.771576913562153410e-01
7.026386542107594391e-01 1.015689225015974223e-01 1.957924232876431525e-01
7.648725372584301851e-01 1.716264757583967765e-02 2.179648151657301580e-01
6.597416071002815130e-01 3.123245151246274373e-02 3.090259413872557537e-01
6.099695225529989662e-01 3.005814124129254639e-01 8.944906503407569487e-02
5.683418106368564038e-01 4.316581893631434852e-01 0.000000000000000000e+00
7.797662679647763273e-01 3.648294189974137392e-03 2.165854378452495566e-01
4.044311928833780878e-01 5.955688071166219677e-01 0.000000000000000000e+00
6.595908996693022885e-01 2.344573523310384544e-01 1.059517479996592432e-01
2.257634079652208192e-01 6.447281054730812366e-01 1.295084865616978886e-01
9.999999999999972244e-01 2.791615285873243632e-15 0.000000000000000000e+00
1.447149454509825683e-01 7.517050467058918883e-01 1.035800078431255433e-01
4.185226643829486060e-01 5.814773356170513940e-01 0.000000000000000000e+00
5.041447354136688874e-01 4.676129204943176298e-01 2.824234409201357293e-02
6.779411984845143957e-01 1.615319494283241342e-01 1.605268520871614701e-01
5.772372596392896238e-01 4.227627403607104317e-01 0.000000000000000000e+00
7.605964205935337175e-01 8.674237584457972911e-03 2.307293418220082715e-01
3.917454143338514050e-01 6.082545856661486505e-01 5.284270256481941208e-17
6.362904590051368103e-01 2.422637936296678784e-01 1.214457473651952835e-01
4.705040070601386737e-01 5.294959929398613818e-01 0.000000000000000000e+00
5.238479751380900051e-01 4.761520248619100504e-01 4.663860279442226349e-17
7.503955987733768040e-01 2.263963953127330619e-01 2.320800591389010278e-02
4.473766101998039590e-01 5.481567349222693508e-01 4.466654877926671922e-03
4.684690235618620413e-01 4.644127062125424366e-01 6.711827022559554989e-02
4.703129762994643359e-01 5.296870237005356641e-01 4.786047300349273226e-18
5.332241194530922268e-01 4.667758805469076622e-01 5.976510236907824272e-17
7.672158428459371349e-01 1.570779189859188713e-02 2.170763652554709433e-01
6.290677069615212558e-01 3.709322930384786887e-01 0.000000000000000000e+00
4.296253756045025352e-01 5.703746243954973538e-01 0.000000000000000000e+00
5.921570838047083285e-01 2.956057478501435409e-01 1.122371683451481306e-01
6.964551459531240774e-01 4.788827036164965134e-02 2.556565836852262019e-01
7.150049492133585538e-01 1.205269746447261703e-01 1.644680761419153037e-01
5.913624544497341207e-01 2.456495750588116589e-01 1.629879704914541649e-01
5.707008067182849365e-01 3.686660572455112139e-01 6.063313603620401615e-02
4.336936836005303997e-01 5.663063163994696003e-01 5.817586098120261949e-17
3.248700577128976197e-01 4.672853733628349882e-01 2.078445689242673367e-01
6.968870875152697320e-01 1.237125528835903432e-01 1.794003596011399804e-01
5.734333905764210648e-01 2.714679104067673210e-01 1.550986990168115032e-01
6.326224776683377904e-01 2.587311851737509327e-01 1.086463371579114018e-01
3.916449096842297140e-01 6.083550903157703971e-01 0.000000000000000000e+00
3.591480340247574787e-01 6.408519659752425213e-01 0.000000000000000000e+00
6.979133269206087009e-01 3.007043509319819452e-01 1.382322147409426744e-03
5.399077266201967040e-01 4.600922733798032960e-01 0.000000000000000000e+00
5.844862829814121419e-01 4.155137170185879136e-01 0.000000000000000000e+00
7.986732056124379309e-01 1.383797903034421321e-16 2.013267943875619304e-01
6.487318015747667310e-01 2.485998947458629149e-01 1.026683036793703124e-01
6.941835356303904803e-01 1.705315427902687475e-01 1.352849215793407167e-01
6.560920800374396844e-01 1.970852795043357697e-01 1.468226404582245181e-01
6.348928339064963122e-01 2.460744621643209396e-01 1.190327039291828037e-01
3.198224502644346212e-01 6.801775497355647682e-01 6.190509831193660458e-16
6.659714639534991543e-01 1.297889755876528439e-01 2.042395604588480573e-01
7.021007265704125588e-01 1.267913128984739790e-01 1.711079605311134899e-01
6.371880930474248528e-01 2.119980330996441009e-01 1.508138738529310185e-01
6.177470480118015805e-01 2.438996888999843404e-01 1.383532630882139680e-01
6.069538640044550570e-01 3.930461359955449985e-01 2.274807328061671275e-17
6.080346112824125404e-01 3.015126018336252156e-01 9.045278688396211908e-02
6.510812065182329800e-01 1.832703082265891292e-01 1.656484852551779463e-01
5.230335548179949612e-01 4.162570115461448061e-01 6.070943363586031594e-02
6.147363539682655365e-01 2.540829738346448430e-01 1.311806721970895928e-01
5.152188775603981918e-01 4.752317980791849750e-01 9.549324360416897375e-03
6.505625370365496485e-01 1.453736513998182545e-01 2.040638115636321803e-01
6.895062740590512940e-01 1.266355769537580167e-01 1.838581489871905783e-01
6.499195617321034124e-01 1.892051891982675094e-01 1.608752490696289394e-01
6.227198589575887455e-01 2.298949118517824575e-01 1.473852291906286860e-01
6.066093567620245430e-01 3.933906432379754570e-01 2.695370986814777594e-17
4.790875331018635830e-01 5.209124668981365280e-01 6.095412389476926985e-17
7.599513600569711702e-01 0.000000000000000000e+00 2.400486399430288298e-01
3.903170901121173486e-01 6.096829098878826514e-01 5.884557322758832169e-17
6.927849069018895412e-01 0.000000000000000000e+00 3.072150930981105144e-01
6.242152862917733636e-01 0.000000000000000000e+00 3.757847137082265809e-01
6.403338463037454575e-01 2.149716526837205377e-01 1.446945010125341158e-01
6.868997761070888552e-01 1.420021175350324460e-01 1.710981063578787820e-01
6.317598706352236526e-01 1.542674975578469387e-01 2.139726318069294086e-01
7.532596949996943625e-01 1.910576191044842272e-17 2.467403050003057208e-01
5.033448905905886228e-01 3.642417149847833047e-01 1.324133944246281558e-01
5.255332285832549077e-01 3.740563143510840516e-01 1.004104570656610268e-01
6.809443110078819972e-01 1.599122982193915965e-01 1.591433907727264063e-01
6.134706725768181990e-01 2.463033540273335820e-01 1.402259733958483023e-01
6.010967554982002969e-01 2.693675009615171256e-01 1.295357435402826329e-01
6.167197302429477945e-01 3.832802697570520389e-01 1.103363129007207999e-16
6.720604902595107566e-01 5.652905326870570624e-02 2.714104564717835233e-01
6.802204965895705113e-01 1.415173747469699872e-01 1.782621286634595015e-01
5.638479123613691080e-01 2.703220613172496178e-01 1.658300263213812742e-01
7.432987998202430502e-01 0.000000000000000000e+00 2.567012001797568388e-01
5.951379503307423491e-01 2.724461759344052325e-01 1.324158737348523074e-01
5.303257824086559102e-01 3.585890271537955920e-01 1.110851904375484978e-01
6.653750339698961680e-01 1.507960046799249054e-01 1.838289613501789543e-01
3.758411126123641921e-01 6.241588873876356969e-01 0.000000000000000000e+00
6.059707485739472821e-01 2.512088479578586386e-01 1.428204034681940238e-01
4.688727716876058271e-01 5.250865233663768450e-01 6.040704946017399872e-03
3.244715099494540622e-01 6.755284900505459378e-01 0.000000000000000000e+00
5.067213136641621762e-01 4.932786863358378793e-01 0.000000000000000000e+00
4.655874992267537427e-01 5.304472098048107487e-01 3.965290968435516462e-03
4.832058402689418664e-01 5.167941597310579116e-01 8.369352878978077961e-17
5.776753392015565591e-01 2.686404007676086447e-01 1.536842600308349072e-01
5.536935974424266327e-01 3.377531907031597891e-01 1.085532118544135227e-01
6.746179433628051170e-01 2.111730998160960548e-01 1.142089568210988837e-01
6.032835437328563088e-01 2.453115506159089521e-01 1.514049056512347113e-01
4.509272910831886305e-01 5.490727089168113695e-01 4.634762284629805555e-17
5.667061587895881880e-01 3.559134836814343283e-01 7.738035752897751141e-02
3.385618075562050189e-01 6.614381924437949811e-01 0.000000000000000000e+00
6.969622418947548637e-01 1.258187124669843115e-01 1.772190456382609081e-01
4.654145452630537028e-01 5.304525494342916536e-01 4.132905302654592446e-03
4.485940141995241048e-01 5.352503803371509994e-01 1.615560546332482292e-02
4.254611836130507418e-01 5.745388163869491471e-01 2.584452202547780976e-17
5.853920461110023732e-01 2.798994970563097318e-01 1.347084568326878673e-01
6.924722795740591019e-01 1.301909134804165868e-01 1.773368069455242280e-01
4.596773173943843327e-01 5.403226826056156673e-01 0.000000000000000000e+00
6.217432593372016481e-01 2.838838101746410936e-01 9.437293048815724450e-02
5.434008697819101563e-01 4.565991302180898992e-01 4.170513817813956658e-17
1.000000000000000000e+00 0.000000000000000000e+00 0.000000000000000000e+00
3.845162330214418889e-01 6.154837669785580001e-01 1.293091591048379709e-16
5.107107322677598704e-01 4.892892677322400741e-01 0.000000000000000000e+00
4.710101280020573822e-01 4.491670362512772408e-01 7.982283574666544645e-02
5.438760426574092977e-01 4.561239573425907579e-01 0.000000000000000000e+00
5.276203216094953463e-01 3.647712595020857207e-01 1.076084188884188497e-01
6.277389879235416581e-01 2.172493881291115425e-01 1.550116239473466606e-01
5.630157540071574207e-01 2.783187574041445234e-01 1.586654885886981670e-01
5.053327436200100164e-01 3.606334942692761003e-01 1.340337621107138555e-01
5.430760397050758970e-01 4.569239602949241030e-01 5.277207176737532963e-32
5.285185648011063719e-01 3.521353086152383960e-01 1.193461265836552737e-01
6.371779942185207268e-01 2.682390958586913787e-01 9.458290992278793607e-02
5.394802666622322551e-01 3.728763276717999009e-01 8.764340566596784399e-02
7.115103533902727984e-01 1.269103745521866222e-01 1.615792720575405239e-01
5.435142614626721214e-01 4.564857385373278786e-01 0.000000000000000000e+00
5.297300795006711915e-01 3.566362981141268373e-01 1.136336223852018878e-01
6.712299585380000488e-01 1.472320086912440040e-01 1.815380327707560859e-01
4.587871907917596137e-01 5.412128092082403308e-01 0.000000000000000000e+00
4.505780585387786363e-01 5.377243812374193910e-01 1.169756022380181483e-02
6.611985139361835628e-01 1.629909253044194706e-01 1.758105607593969388e-01
5.958884987555262969e-01 2.663750548569081555e-01 1.377364463875656586e-01
6.817954594023135639e-01 1.324549138854709818e-01 1.857496267122155098e-01
6.570414174177566791e-01 1.724364839488816414e-01 1.705220986333617073e-01
6.224253176125515985e-01 2.730893136039648228e-01 1.044853687834835232e-01
4.078414786386491686e-01 5.921585213613507204e-01 8.287923268882923345e-17
3.742866334653425220e-01 6.257133665346574780e-01 0.000000000000000000e+00
7.382892029054803906e-01 8.427434581400380931e-02 1.774364512805158001e-01
2.760623508300741324e-01 7.239376491699258676e-01 2.179912660314782811e-17
4.551136393531985957e-01 4.967350162584331374e-01 4.815134438836830150e-02
6.655452825456654731e-01 6.091445709777507100e-02 2.735402603565594837e-01
3.745128638693099310e-01 6.254871361306891808e-01 8.195352434513398936e-16
4.861513970141312369e-01 5.033057240846695590e-01 1.054287890119913300e-02
5.444405356814446817e-01 4.124083908459353909e-01 4.315107347261986498e-02
4.581846668255392663e-01 4.823073235224732414e-01 5.950800965198747156e-02
6.296515744843803608e-01 1.813576651074235713e-01 1.889907604081960957e-01
6.943608394622681201e-01 1.674501604949583666e-01 1.381890000427735410e-01
7.644540901575260783e-01 7.344012815134043186e-03 2.282018970273398950e-01
6.542526792921866674e-01 1.721929448259378326e-01 1.735543758818754445e-01
3.464584546248388186e-01 6.535415453751609594e-01 2.109548184670537631e-16
4.276303602789466862e-01 5.698554853682277210e-01 2.514154352825588839e-03
6.160085745697789772e-01 2.264220337742390565e-01 1.575693916559819940e-01
6.882514195434397131e-01 1.147845131573048405e-01 1.969640672992554187e-01
6.584805685549919296e-01 1.401903126316038639e-01 2.013291188134041787e-01
4.953421284961223581e-01 4.138975352436629618e-01 9.076033626021473566e-02
5.728373011546731286e-01 3.575189764369622880e-01 6.964372240836461114e-02
5.637554379599217791e-01 4.362445620400782764e-01 2.546776217092209429e-17
6.830399292974126402e-01 1.627796525239830483e-01 1.541804181786042283e-01
5.588512893376366142e-01 4.411487106623632748e-01 8.020854131656518474e-17
4.895686989043898096e-01 4.322628923618322960e-01 7.816840873377782495e-02
5.830896388647633932e-01 3.324763107334465784e-01 8.443405040179007004e-02
6.244241024723259370e-01 3.096443497579687287e-01 6.593154776970523712e-02
7.516874221499720843e-01 2.391637813197460688e-02 2.243961997180533019e-01
6.597640493238885462e-01 1.303532606335038868e-01 2.098826900426075392e-01
4.873079757410098134e-01 4.279210634947079872e-01 8.477096076428231042e-02
5.786598524381300068e-01 3.411224518128395666e-01 8.021769574903050981e-02
7.100323292266511599e-01 8.736248660235546133e-16 2.899676707733478964e-01
4.084288040964886290e-01 4.128744368962710132e-01 1.786967590072403300e-01
4.063789312725199498e-01 5.936210687274799946e-01 1.869784623564514447e-17
7.759949570192860024e-01 3.213297231946688620e-02 1.918720706612472848e-01
6.195531413113777308e-01 2.393171420097388591e-01 1.411297166788834101e-01
5.826105648088567568e-01 2.895671684556634373e-01 1.278222667354797781e-01
6.629771555889368839e-01 3.081105256180493024e-01 2.891231879301383104e-02
6.892944454462388570e-01 7.612956411451964056e-02 2.345759904392414885e-01
4.608633620146251331e-01 5.391366379853745894e-01 1.949189116613771509e-16
5.594707260607587607e-01 3.946367754495157532e-01 4.589249848972547230e-02
5.339105640160651811e-01 4.660894359839347079e-01 0.000000000000000000e+00
5.845295337875442421e-01 4.154704662124557024e-01 0.000000000000000000e+00
4.931621935942334667e-01 3.358266889206022454e-01 1.710111174851643157e-01
5.157782377868244117e-01 3.755427412259935704e-01 1.086790209871819901e-01
4.583938681073544408e-01 5.416061318926456147e-01 0.000000000000000000e+00
6.603060748967570781e-01 1.033569913223998521e-01 2.363369337808429727e-01
6.731494637055165375e-01 1.718388241307167996e-01 1.550117121637666073e-01
5.024175524237390889e-01 4.975824475762608556e-01 8.415350891119727315e-17
7.729006389466038796e-01 5.819628467081326001e-02 1.689030763825828119e-01
5.999298411632995043e-01 2.480401676302957659e-01 1.520299912064047854e-01
3.705555156242533177e-01 6.294444843757465158e-01 1.156218878258317233e-16
5.844814968123761556e-01 4.155185031876238999e-01 0.000000000000000000e+00
6.436356564832361737e-01 1.660521925567421675e-01 1.903121509600216588e-01
6.448602592293383173e-01 2.235378073072065985e-01 1.316019334634549731e-01
4.332753421866156196e-01 5.667246578133843249e-01 0.000000000000000000e+00
2.981864419373527753e-01 6.684983636418102559e-01 3.331519442083685778e-02
6.853668511296058252e-01 1.410461175413437740e-01 1.735870313290503730e-01
4.874229478979260621e-01 5.125770521020739379e-01 5.016166173100726003e-17
3.612107363873631183e-01 3.283664668889417770e-01 3.104227967236950492e-01
4.333711736130211878e-01 5.666288263869786457e-01 9.063732500749815303e-17
3.896282354234651413e-01 6.103717645765348587e-01 0.000000000000000000e+00
4.269522986580866486e-01 3.992506189870395072e-01 1.737970823548737054e-01
4.101910666097154379e-01 5.898089333902845066e-01 0.000000000000000000e+00
5.936364527038595629e-01 3.000313487018887448e-01 1.063321985942518172e-01
4.335078656936465213e-01 5.664921343063533676e-01 9.960249564531977564e-17
6.878585345361819536e-01 1.690740835137450604e-01 1.430673819500730692e-01
6.728711645387640550e-01 1.528570888904926539e-01 1.742717465707432634e-01
6.200196412731406870e-01 2.670666755612344234e-01 1.129136831656248757e-01
5.891824290469551695e-01 2.967183426519360290e-01 1.140992283011087877e-01
4.336537286852970019e-01 5.663462713147029426e-01 0.000000000000000000e+00
4.196716443735050150e-01 5.248552585684911342e-01 5.547309705800395480e-02
6.808248623981056902e-01 1.479989262973853137e-01 1.711762113045089684e-01
5.403891805096084910e-01 3.914122131550328842e-01 6.819860633535855532e-02
4.788749546358855302e-01 4.856313947223195870e-01 3.549365064179484108e-02
4.391811075048560054e-01 5.608188924951437171e-01 2.051111180313122311e-16
3.475517417656506236e-01 6.524482582343490433e-01 3.564277959706284681e-16
5.835346695234220338e-01 3.239669681379650501e-01 9.249836233861294388e-02
5.148108396756893024e-01 4.066737348291687981e-01 7.851542549514181624e-02
5.052588545438851941e-01 3.880325304019168753e-01 1.067086150541978889e-01
4.390281397060737389e-01 5.609718602939259835e-01 1.973214155576997973e-16
5.297165150365151787e-01 4.250876833139345390e-01 4.519580164955022683e-02
7.394763607578587195e-01 0.000000000000000000e+00 2.605236392421412805e-01
5.435120410286006232e-01 3.896478065472572805e-01 6.684015242414215185e-02
3.837090068859601577e-01 6.162909931140397868e-01 0.000000000000000000e+00
4.392260737627481371e-01 5.607739262372518629e-01 0.000000000000000000e+00
5.335075014471958310e-01 3.852680292620707658e-01 8.122446929073348643e-02
6.226818338330878388e-01 2.153802939512234615e-01 1.619378722156888106e-01
6.466920080287212880e-01 1.426296133066306815e-01 2.106783786646479750e-01
6.053222171926846418e-01 2.589439285468789209e-01 1.357338542604364096e-01
4.392703768957132437e-01 5.607296231042867563e-01 0.000000000000000000e+00
6.035927207974350894e-01 2.609255516511178041e-01 1.354817275514471620e-01
5.960041064364720587e-01 3.095964312803273222e-01 9.439946228320074406e-02
5.305140606404807890e-01 4.035068306203656308e-01 6.597910873915352470e-02
6.243021454336149523e-01 2.352746141128795043e-01 1.404232404535055156e-01
