M5,49.60834908950751,29.14642165185802,21.245229258634467
M6,21.197381924980675,39.47064725526066,39.331970819758666
M7,52.04931719271105,46.3934749535712,1.557207853717749
M8,4.496405739048028,6.858585061933776,88.64500919901819
M9,88.95628135599897,5.039567254608039,6.004151389392994
M10,8.6549254362746,79.70532574466887,11.639748819056535
M4,16.354553317883585,21.61320684530044,62.032239836815975
M6,20.458055187811706,39.98528943143142,39.55665538075687
M7,50.862323480917446,47.54993225376039,1.587744265322165
M8,4.321422062834749,6.918431088389122,88.76014684877612
M9,88.50962324868628,5.266355982655719,6.224020768657999
M10,8.291533920736931,80.09824979012075,11.610216289142329
M4,15.865790382681041,21.48452436507115,62.64968525224781
M5,47.69816630470189,30.14445948034106,22.15737421495705
M7,50.23636839307152,48.131199986728284,1.6324316202001938
M8,4.161935865323957,6.829356457525863,89.00870767715018
M9,88.16586983808237,5.379884553650224,6.454245608267404
M10,8.076106973269223,80.11990974599807,11.803983280732709
M4,14.61813443853531,22.421277580805942,62.96058798065875
M5,44.99535975898479,32.20629533776755,22.79834490324766
M6,18.29372381416012,41.52134953944797,40.184926646391915
M8,3.8182640970943935,7.098542027370259,89.08319387553534
M9,87.03325504462738,6.014768529343296,6.951976426029322
M10,7.2474357935965354,81.23320216110476,11.519362045298706
M4,16.4664865576114,22.407861281162706,61.12565216122589
M5,48.27601805122187,30.645719914853604,21.078262033924528
M6,20.394729103464027,41.02705657878742,38.57821431774855
M7,50.17500831838367,48.29287207063915,1.5321196109771833
M9,88.48649744360121,5.423067309855622,6.090435246543169
M10,8.118773363549007,80.75567132603341,11.125555310417582
M4,15.431006067963471,22.028461057661048,62.54053287437549
M5,46.664266777205626,31.087112951449797,22.248620271344578
M6,19.31421537305421,40.779135670990776,39.90664895595501
M7,48.93878925843795,49.42954594460628,1.6316647969557678
M8,4.051494767823379,7.009273192165326,88.93923204001129
M10,7.7221893579539636,80.7027772430811,11.575033398964933
M4,15.822407821427001,22.361901035983088,61.815691142589905
M5,47.189421151631564,31.123040823586898,21.68753802478154
M6,19.676109235997544,41.13237236046624,39.191518403536215
M7,49.21274892917825,49.205653720899754,1.5815973499219993
M8,4.1890642731036465,7.173880486129157,88.63705524076721
M9,88.01987668559993,5.6037888854882105,6.376334428911864
M3,9.708466641802755,69.8568877577091,20.43464560048814
M6,21.256660611367117,39.59661489914065,39.14672448949223
M7,52.05460752463349,46.40258804311286,1.5428044322536536
M8,4.5278610673659125,6.907662597318061,88.56447633531602
M9,88.9974194210633,5.042643207921948,5.959937371014753
M10,8.651497500396284,79.78420131099739,11.564301188606322
M3,9.639166267342024,69.61231920624157,20.748514526416415
M5,49.42935117916837,29.11452530738818,21.456123513443448
M7,51.969372968004436,46.452949790541524,1.5776772414540403
M8,4.441334008601765,6.793918849781204,88.76474714161702
M9,88.86992389848868,5.049540265185803,6.080535836325518
M10,8.62006702380625,79.62475751982774,11.755175456366004
M3,8.618574132123088,71.520559658408,19.86086620946891
M5,46.65541487274052,31.635467373859335,21.709117753400143
M6,19.366171962184474,41.59881071039439,39.035017327421144
M8,4.134964909339979,7.280684125690834,88.58435096496918
M9,87.79848820226367,5.756806562482104,6.444705235254227
M10,7.64108397448017,81.19304386116482,11.165872164355008
M3,9.579534745951499,70.68028310694967,19.740182147098835
M5,49.549039097514495,29.8464402174572,20.604520685028305
M6,21.226177432790827,40.52453627684625,38.24928629036293
M7,51.4870388726752,47.014841961783304,1.498119165541496
M9,88.99573540004901,5.1708739922837665,5.833390607667219
M10,8.513297570321473,80.37121734314647,11.115485086532061
M3,9.263641770394347,70.50157657636419,20.23478165324147
M5,48.4753847480066,30.144956302517606,21.379658949475797
M6,20.48852676445831,40.3649834741254,39.146489761416284
M7,50.67582418526897,47.760561346748,1.5636144679830295
M8,4.363628821547256,7.043825561032377,88.59254561742037
M10,8.239815525588888,80.33757276055407,11.422611713857052
M3,9.377904667896962,70.71671506432641,19.905380267776636
M5,48.91415005275684,30.126454395173152,20.95939555207001
M6,20.798392417975112,40.5898752607155,38.61173232130939
M7,50.92972395743191,47.54373628110124,1.52653976146685
M8,4.479441504881709,7.162549214768054,88.35800928035025
M9,88.73412955086903,5.273037678133722,5.99283277099725
M3,9.273964262474868,69.98648129361308,20.739554443912056
M4,16.236104981552316,21.449288825446306,62.31460619300138
M7,50.85730801910095,47.53761550417021,1.60507647672884
M8,4.276265927796279,6.844277500122265,88.87945657208147
M9,88.44376533258406,5.26239190257153,6.293842764844406
M10,8.269212874046667,79.99200177547473,11.738785350478594
M3,8.451102722287347,71.5024485716394,20.04644870607325
M4,15.280851456093691,22.599328787116285,62.11981975679003
M6,19.0170147661249,41.582819654917394,39.400165578957704
M8,4.030502042248152,7.22370789850057,88.74579005925129
M9,87.56522983074139,5.834074472245844,6.600695697012768
M10,7.51239476334559,81.21327274492853,11.274332491725886
M3,9.236872279922142,71.2457708758716,19.51735684420626
M4,16.73114790110133,22.592784184754322,60.67606791414434
M6,20.640553212532907,41.214616619113905,38.14483016835319
M7,50.381316539606395,48.115826775278414,1.5028566851151908
M9,88.64967587435379,5.389852925619795,5.960471200026415
M10,8.190288839156295,80.84393027021682,10.965780890626888
M3,8.965768047436677,70.79949891263652,20.234733039926795
M4,15.982785339398847,22.09980378664919,61.917410873951965
M6,19.91979610829414,40.738601146582305,39.34160274512356
M7,49.75121920319876,48.663171834816325,1.5856089619849172
M8,4.227248663433798,7.082275833335189,88.69047550323101
M10,7.974596716697457,80.61629001037672,11.409113272925822
M3,9.049188703739802,71.17426287373092,19.776548422529274
M4,16.318634289582455,22.471004653317287,61.21036105710025
M6,20.214336886799433,41.148393617110834,38.637269496089736
M7,49.878375497385164,48.58266051195391,1.5389639906609247
M8,4.351289764053665,7.259386856195428,88.3893233797509
M9,88.37237483904043,5.481239311125943,6.146385849833624
M3,8.217165565775872,71.21872069029385,20.564113743930278
M4,14.693012205478192,22.269830816128007,63.037156978393796
M5,45.20715549621013,31.975996586009078,22.816847917780795
M8,3.834712217417615,7.045014592524752,89.12027319005763
M9,87.12317393280658,5.948452056281571,6.928374010911849
M10,7.3192423616066105,81.08930387677037,11.591453761623015
M3,9.103413842175971,70.85455638503274,20.042029772791295
M4,16.28259659561066,22.188745577322504,61.52865782706684
M5,48.0659172236673,30.567813041693583,21.36626973463912
M7,50.1260793160319,48.315610284630495,1.558310399337607
M9,88.3826625770656,5.424713671505059,6.1926237514293385
M10,8.082839608973986,80.61912532653615,11.298035064489866
M3,8.725796186712273,70.58560381729643,20.688599995991297
M4,15.424005948115877,21.834652483454967,62.741341568429156
M5,46.74671004702083,30.88323026456827,22.370059688410905
M7,49.13837777261641,49.21719816294046,1.644424064443129
M8,4.04061770223416,6.932317369874351,89.02706492789149
M10,7.770220954518799,80.5391165552049,11.690662490276296
M3,8.804207828529698,70.89999230374937,20.29579986772093
M4,15.727148852575533,22.138065714998426,62.134785432426035
M5,47.13314707266362,30.96128760268959,21.90556532464679
M7,49.30123381995742,49.09643961221189,1.6023265678306942
M8,4.148794818910221,7.076685695456496,88.77451948563329
M9,87.9768144471294,5.578349973377997,6.4448355794926036
M3,8.077391477228701,73.08781307941803,18.834795443353272
M4,15.199757023896037,24.045820350593758,60.7544226255102
M5,45.27891376631222,33.429968072292986,21.29111816139479
M6,18.595697701231614,43.512980514021244,37.89132178474714
M9,87.30689933479326,6.222159961047689,6.470940704159053
M10,7.116106970253692,82.36909998178665,10.514793047959657
M3,7.903824683212511,72.1451799780083,19.950995338779194
M4,14.43602298260023,23.056437279023715,62.50753973837605
M5,44.35263220250713,33.055499888810985,22.591867908681884
M6,17.960926053754523,42.40805281772438,39.6310211285211
M8,3.789276345849699,7.33514725230968,88.87557640184062
M10,7.005950183847436,81.79476857618597,11.199281239966595
M3,7.889186966987925,72.78753955606382,19.32327347694826
M4,14.680472453573849,23.682474548594854,61.63705299783129
M5,44.51097399317757,33.505071988977996,21.983954017844432
M6,18.09785343839986,43.178355738728875,38.72379082287127
M8,3.891644489773104,7.6080250255988595,88.50033048462804
M9,86.92767402088145,6.305845432290598,6.766480546827948
M3,8.553741632939325,72.4160531810393,19.030205186021377
M4,15.870369760071721,23.52519995529452,60.60443028463375
M5,46.70719267577782,32.31030223376682,20.982505090455362
M6,19.456084153283097,42.66987254129611,37.87404330542079
M7,47.526646105365344,50.88012132893579,1.5932325656988624
M10,7.549559843727049,81.80719075346293,10.643249402810014
M3,8.63284258738356,72.61130554065872,18.755851871957717
M4,16.139525276501583,23.738292043335584,60.12218268016283
M5,47.064053438562375,32.31034177639896,20.625604785038668
M6,19.71340076259705,42.85996899267441,37.42663024472854
M7,48.27474754217066,50.24593716355922,1.4793152942701226
M9,88.07640855660314,5.8399578827123015,6.083633560684557
M3,8.280941279068173,72.33400752644964,19.385051194482187
M4,15.301520258646008,23.34872631590799,61.349753425446
M5,45.793362931343616,32.60800238058564,21.598634688070746
M6,18.866909983425217,42.581223781511525,38.55186623506326
M7,47.531459626905686,50.939955703677946,1.528584669416368
M8,4.070865866284667,7.527436779949408,88.40169735376593
M2,71.57171359421878,14.932436800932367,13.495849604848855
M6,21.56880364312928,39.668842801226404,38.76235355564431
M7,52.38146988562841,46.100675248662576,1.5178548657090118
M8,4.629819045803723,6.97458823294385,88.39559272125243
M9,89.18448376146638,4.986565160297238,5.82895107823638
M10,8.775449629074593,79.79985027890086,11.424700092024551
M2,71.27767425438263,14.955293616431502,13.767032129185866
M5,49.77925965702589,29.060316694499104,21.160423648475007
M7,52.21195497320826,46.2377965911089,1.550248435682839
M8,4.528429896016141,6.862398729784071,88.60917137419979
M9,89.0264191068492,5.009714326592806,5.96386656655799
M10,8.704387759171114,79.67002345802429,11.625588782804599
M2,68.71931620440182,16.756181706340776,14.524502089257403
M5,46.64657057223426,31.65051429011657,21.70291513764917
M6,19.361618772904315,41.616552136133414,39.02182909096228
M8,4.135115371612001,7.285780842340702,88.5791037860473
M9,87.79610290210849,5.759993963224133,6.44390313466738
M10,7.63692367771094,81.20410940480475,11.158966917484307
M2,71.89252980580497,14.993200193461382,13.114270000733649
M5,50.4450479795019,29.291539105236257,20.263412915261842
M6,21.84171868180703,40.164842206681506,37.99343911151146
M7,52.40305443974286,46.12481208397788,1.4721334762792608
M9,89.338879034725,5.006423781196093,5.65469718407891
M10,8.806096552469295,80.09081843154526,11.103085015985442
M2,70.49086102036682,15.627652924900802,13.881486054732376
M5,48.76397306617295,30.086853929288846,21.149173004538202
M6,20.680478008206077,40.44744506833637,38.87207692345755
M7,50.86892554925704,47.58742657706528,1.5436478736776778
M8,4.430610740925807,7.099167994287489,88.47022126478672
M10,8.312500665249397,80.37174854106873,11.315750793681872
M2,71.16686319630195,15.355287150143251,13.477849653554802
M5,49.574729574817134,29.761644081875303,20.663626343307563
M6,21.238379059325496,40.40644313156756,38.35517780910694
M7,51.56942934356874,46.926620066682254,1.503950589749003
M8,4.598338237904774,7.167009111564954,88.23465265053028
M9,89.00096550890152,5.152527818104364,5.846506672994121
M2,70.22697703408112,15.560114677518126,14.212908288400758
M4,16.37043670612441,21.63260568985578,61.99695760401981
M7,50.865692777234116,47.5488559986687,1.5854512240971843
M8,4.327359569696108,6.927404612288235,88.74523581801566
M9,88.51833186135012,5.266545438876146,6.215122699773734
M10,8.29336777168729,80.11137249013804,11.595259738174676
M2,68.1425081850454,16.99703439128581,14.860457423668791
M4,15.22476701436184,22.65005415809994,62.125178827538214
M6,18.932962942427288,41.67204746157469,39.39498959599803
M8,4.015339354249382,7.239286455242841,88.74537419050779
M9,87.50083227788737,5.87971323591491,6.619454486197721
M10,7.473183612594996,81.26907804692375,11.257738340481254
M2,70.92895117358823,15.646982644365774,13.424066182045994
M4,17.072172822171343,22.463950012492827,60.46387716533583
M6,21.049301128207098,40.95955038031635,37.991148491476544
M7,51.0318283227644,47.48147901816893,1.4866926590666694
M9,88.89558490671615,5.267479738204571,5.836935355079277
M10,8.384627101396157,80.65070333496298,10.964669563640854
M2,69.60726483707538,16.12748840891978,14.265246754004842
M4,16.086382562234938,22.23929864553559,61.674318792229464
M6,20.000533351135292,40.90445651122098,39.09501013764373
M7,49.764217784693976,48.66625409339441,1.5695281219116168
M8,4.266503507810626,7.146610407512729,88.58688608467665
M10,7.980473454407098,80.71005132151721,11.309475224075683
M2,70.18952714252902,15.972372140456475,13.838100717014509
M4,16.5388975682745,22.44783802288793,61.013264408837564
M6,20.465566673401547,41.062543454067544,38.4718898725309
M7,50.24319743288248,48.23208939423787,1.5247131728796504
M8,4.4205518914593895,7.268639561728215,88.3108085468124
M9,88.5329127931751,5.411413134521229,6.05567407230367
M2,67.07345605010683,17.366690498866834,15.559853451026338
M4,14.524665911497529,22.4280524606611,63.04728162784138
M5,44.817953833211284,32.295857192329166,22.88618897445955
M8,3.7899900621050486,7.093613897040817,89.11639604085414
M9,86.94336952896798,6.057826972871579,6.998803498160443
M10,7.202583204343444,81.26189498745721,11.535521808199348
M2,70.20355091178837,15.843220508644553,13.953228579567078
M4,16.48770286081397,22.192710626181807,61.319586513004225
M5,48.42213536999686,30.398276389955456,21.179588240047686
M7,50.43941101333748,48.01725977701195,1.5433292096505724
M9,88.52894016439446,5.366317769223659,6.104742066381885
M10,8.189049145320238,80.5681661810148,11.242784673664957
M2,68.53140420693138,16.52626008601221,14.942335707056404
M4,15.342735009181009,22.06717670656719,62.5900882842518
M5,46.487838377486376,31.20245735199887,22.309704270514754
M7,48.75148518549947,49.61245195683916,1.636062857661372
M8,4.025836654080715,7.017494763038834,88.95666858288044
M10,7.674498630017994,80.75584151025396,11.569659859728048
M2,69.06542650229532,16.389848431789623,14.544725065915053
M4,15.73475533956587,22.257590638919456,62.00765402151468
M5,47.08773269101675,31.083220085335498,21.829047223647756
M7,49.18446862377304,49.22112956431539,1.5944018119115668
M8,4.156697886574625,7.124921179397934,88.71838093402745
M9,87.9669254506397,5.6051966873462495,6.427877862014044
M2,67.60553512657904,17.762037539987478,14.63242733343348
M4,15.113137905291843,23.680181625446814,61.20668046926135
M5,45.298034392865354,33.120925366551255,21.58104024058339
M6,18.58428038828397,43.0609710489115,38.35474856280453
M9,87.28462986845324,6.16076357624849,6.554606555298273
M10,7.165572251094792,82.11249679606829,10.721930952836928
M2,66.25515680408374,18.034086752846402,15.710756443069858
M4,14.163835775096087,22.992202033870036,62.843962191033874
M5,43.86921786973258,33.23259648610974,22.898185644157678
M6,17.65753482940716,42.400266969869236,39.94219820072361
M8,3.703303994007678,7.286833175980287,89.00986283001203
M10,6.899831262427934,81.80889696524899,11.291271772323071
M2,66.5502773211727,18.130412268542184,15.319310410285116
M4,14.425411782571695,23.439481238160244,62.13510697926806
M5,44.152112903901084,33.47610623785525,22.371780858243667
M6,17.860935984587023,42.92782888672613,39.21123512868684
M8,3.8022096290778293,7.487542707358168,88.710247663564
M9,86.72318513720549,6.349902899478757,6.926911963315752
M2,69.2104054863362,16.780202808787443,14.009391704876357
M4,16.042424697111656,23.19707864002941,60.760496662858934
M5,47.16487199640751,31.821491617055628,21.01363638653686
M6,19.72779238669986,42.1921849621654,38.08002265113474
M7,48.67892158542003,49.804451915352224,1.5166264992277476
M10,7.711155732181927,81.50683070225642,10.782013565561655
M2,69.92287734014285,16.47904100616871,13.598081653688443
M4,16.55030567994529,23.25575187407474,60.193942445979964
M5,47.99084389498054,31.475119284123608,20.53403682089585
M6,20.27908281138717,42.133494580733256,37.587422607879574
M7,49.40532411104055,49.11660350676259,1.4780723821968635
M9,88.43556904887055,5.601905963863902,5.96252498726555
M2,67.92224543246807,17.368065845080938,14.709688722450988
M4,15.207184567635181,23.178045156879975,61.614770275484844
M5,45.706987056805644,32.50787861386361,21.785134329330745
M6,18.80449269182802,42.372162195691814,38.82334511248017
M7,47.50706647181282,50.94039557518285,1.5525379530043324
M8,4.0335766134049305,7.449989262863351,88.51643412373171
M2,71.33603980445183,14.968952916360914,13.695007279187257
M3,9.763980681783421,69.79785750497192,20.438161813244662
M7,52.216068099734535,46.24733378924331,1.5365981110221583
M8,4.552222944540863,6.89925677887172,88.54852027658742
M9,89.05748098775092,5.011797450801649,5.93072156144743
M10,8.714964308508065,79.72646665136975,11.558569040122194
M2,69.28836227455508,16.56110230547613,14.150535419968786
M3,8.790565575014151,71.63463925792553,19.574795167060316
M6,19.774605116038966,41.71229945284912,38.51309543111191
M8,4.268222534413131,7.379093987172399,88.35268347841448
M9,88.0939837174501,5.662543731893732,6.2434725506561675
M10,7.7880162207403565,81.22341712532683,10.988566653932807
M2,71.6269503566208,15.250542619772753,13.12250702360645
M3,9.756226521002121,70.76065009696278,19.483123382035103
M6,21.624164748995934,40.60580627347635,37.770028977527716
M7,51.906043803513654,46.63021029586415,1.4637459006221931
M9,89.2418207612684,5.091916827843797,5.666262410887803
M10,8.658929903239054,80.37963119105517,10.961438905705776
M2,70.70737740347559,15.597920264827861,13.694702331696549
M3,9.409705821899355,70.72133268756079,19.86896149053986
M6,20.869212211815455,40.59114908596472,38.539638702219825
M7,51.0154518160637,47.46345843551567,1.5210897484206285
M8,4.5013466895792265,7.173310389518509,88.32534292090227
M10,8.365055371793158,80.44437870843429,11.190565919772553
M2,71.17292122091673,15.45451781238318,13.372560966700085
M3,9.57124743522797,70.81939518448247,19.609357380289552
M6,21.2446272752624,40.68735250065582,38.06802022408178
M7,51.40315229213709,47.10983492537465,1.4870127824882644
M8,4.628232993104328,7.26026751016671,88.11149949672895
M9,89.00838191935745,5.19011346273192,5.801504617910633
M2,68.68348595312452,16.67577333327359,14.640740713601893
M3,8.614742356232675,71.327879685173,20.057377958594316
M5,46.63647951993901,31.48255725039605,21.880963229664943
M8,4.105974005269703,7.197789948713654,88.69623604601665
M9,87.78685946114076,5.7208416329790435,6.492298905880192
M10,7.663903993678555,81.04930736140503,11.286788644916413
M2,71.4897311747632,15.108077892129742,13.402190933107065
M3,9.759140184162886,70.28844045564543,19.952419360191683
M5,49.98349101097763,29.392401680400827,20.624107308621543
M7,52.07716676036217,46.419101059800425,1.5037321798374066
M9,89.15135931499275,5.052185711077496,5.796454973929758
M10,8.688406066299663,80.05783120032112,11.253762733379219
M2,70.2978645281464,15.619489303341764,14.08264616851183
M3,9.300050683965681,70.39139225403555,20.30855706199877
M5,48.55749605960246,30.032021130810644,21.4104828095869
M7,50.80748424225315,47.625106018633495,1.5674097391133515
M8,4.366332530525284,7.009736805193981,88.62393066428073
M10,8.278137111731505,80.25293636133894,11.46892652692955
M2,70.82720436747816,15.427555438421443,13.745240194100397
M3,9.488550479081974,70.43545926915927,20.075990251758753
M5,49.179110569186435,29.81570545731029,21.005183973503275
M7,51.31206087290482,47.15442646578092,1.533512661314255
M8,4.497377147653999,7.07840473583367,88.42421811651234
M9,88.82543495684537,5.194959193430515,5.9796058497241145
M2,68.7126396420555,17.352748990998144,13.93461136694635
M3,8.458706878845897,72.82845072673517,18.712842394418928
M5,46.52839222746958,32.70336564140946,20.768242131120957
M6,19.383790367470322,43.14216736371191,37.47404226881776
M9,87.84954025775905,5.96998704097129,6.1804727012696645
M10,7.457840226796465,82.0971102692194,10.445049503984137
M2,68.03784604484669,17.458900134334215,14.503253820819097
M3,8.2715217615951,72.46704493474769,19.261433303657213
M5,45.79893457375145,32.71172432674814,21.489341099500407
M6,18.88055057249029,42.740349977299104,38.3790994502106
M8,4.088682700846761,7.583337082214044,88.3279802169392
M10,7.3146810184426325,81.9015705117177,10.78374846983968
M2,68.20116312584155,17.526873233021064,14.27196364113739
M3,8.295389546126474,72.75847736708239,18.946133086791136
M5,45.97242330440077,32.86784440368115,21.159732291918083
M6,19.010215122740192,43.079569804713465,37.91021507254634
M8,4.157610247445534,7.722124318369434,88.12026543418503
M9,87.5986090804809,6.043752500278717,6.357638419240385
M2,70.38110746311284,16.183067714444192,13.435824822442967
M3,9.163732364331231,71.76773926979035,19.06852836587842
M5,48.53945859903769,31.065746941744532,20.39479445921778
M6,20.624999777909476,41.82905781882117,37.54594240326935
M7,50.01650604630523,48.514145540318665,1.4693484133761032
M10,8.101392950033297,81.21394850667625,10.684658543290453
M2,70.98288185852512,15.904504876782708,13.112613264692174
M3,9.381581399173621,71.69884504723969,18.919573553586687
M5,49.258174461121925,30.713175444918253,20.028650093959822
M6,21.108507588038684,41.700345261629316,37.19114715033199
M7,50.681049979190156,47.878356852438536,1.4405931683713078
M9,88.94539348660818,5.353659015076516,5.700947498315301
M2,69.74937413680645,16.479287987052224,13.771337876141324
M3,8.930335818622515,71.8560148322574,19.21364934912009
M5,47.80334861251001,31.429769159416157,20.766882228073836
M6,20.139168980946184,41.959769656819574,37.901061362234245
M7,49.33270184613608,49.16879476729481,1.498503386569105
M8,4.403969326497474,7.517461231936846,88.07856944156568
M2,68.14300086904385,16.89645529423188,14.960543836724273
M3,8.438520471492835,71.34745633545135,20.21402319305581
M4,15.181944536763972,22.452405388121633,62.36565007511439
M8,3.9932068794682962,7.156975656587813,88.8498174639439
M9,87.5009069749814,5.8351650329016405,6.663927992116955
M10,7.49864317752087,81.11805056535373,11.383306257125398
M2,70.58216857963312,15.70531254565751,13.712518874709371
M3,9.346768052270086,70.8556460856373,19.797585862092618
M4,16.772072425671553,22.258013368233502,60.96991420609494
M7,50.802812319433215,47.677831663983845,1.5193560165829396
M9,88.72017809171477,5.300439326619989,5.97938258166524
M10,8.303927905793094,80.55203158230478,11.144040511902134
M2,69.4620236792926,16.091476651585396,14.446499669122005
M3,8.9466603696831,70.7311080159083,20.322231614408594
M4,15.940810871252129,22.02150682751346,62.03768230123441
M7,49.76937731839555,48.637101223438016,1.5935214581664354
M8,4.210368822860233,7.04765799507044,88.74197318206933
M10,7.977629196292569,80.56013909866044,11.462231705046989
M2,69.90943686377432,15.993239286254438,14.097323849971245
M3,9.097771015605977,70.90119116064487,20.001037823749158
M4,16.292152922000966,22.230341660075034,61.477505417924
M7,50.096168271350635,48.348714965431554,1.5551167632178107
M8,4.3312969105708605,7.160031985319593,88.50867110410955
M9,88.38428270676657,5.431771568415986,6.183945724817445
M2,68.50027248136854,17.51059461208064,13.989132906550818
M3,8.37502267979207,72.97080600033108,18.654171319876852
M4,15.761091811880576,24.02421145010823,60.2146967380112
M6,19.23283930573856,43.32556187005007,37.44159882421136
M9,87.74633579817007,6.036265301360604,6.21739890046933
M10,7.378106797487544,82.2153291792589,10.406564023253551
M2,67.65658935801831,17.586119872823176,14.757290769158516
M3,8.164666404238396,72.39000616096259,19.44532743479901
M4,15.083681055537829,23.369781992868006,61.54653695159417
M6,18.62007132343377,42.66215492276393,38.717773753802305
M8,4.003535926267761,7.516835612884866,88.47962846084738
M10,7.227891848318198,81.87948254921542,10.892625602466381
M2,67.92276036893142,17.66299745036509,14.41424218070349
M3,8.20102331379629,72.79399117032483,19.004985515878886
M4,15.33279761492561,23.784388096242353,60.88281428883204
M6,18.7973401561969,43.14978521865421,38.052874625148895
M8,4.100661381582967,7.708294940969387,88.19104367744765
M9,87.46434828609858,6.098899996347294,6.436751717554122
M2,69.81649285726144,16.631228858607965,13.552278284130598
M3,8.89207090775214,72.2656067258965,18.842322366351354
M4,16.52240024094983,23.470468100693342,60.00713165835684
M6,20.190114697468278,42.41789350678306,37.391991795748666
M7,49.139710654480886,49.392205190730685,1.4680841547884285
M10,7.857604654543547,81.60515896461729,10.537236380839161
M2,70.30593647064933,16.44272049705599,13.251343032294681
M3,9.070509065060286,72.29434186983188,18.635149065107825
M4,16.89025662071468,23.56153207618685,59.54821130309847
M6,20.58257449580721,42.44111911842206,36.976306385770734
M7,49.60016850559328,48.961327172766275,1.438504321640444
M9,88.63254513815414,5.572097917813933,5.795356944031925
M2,69.18412018885998,16.873930756862997,13.941949054277025
M3,8.692418639645856,72.21229049388678,19.095290866467366
M4,16.06383656743863,23.365689282075785,60.57047415048559
M6,19.716301590111932,42.399973426389515,37.88372498349856
M7,48.53802111818857,49.95649368515254,1.5054851966588956
M8,4.313224971706898,7.602402867303045,88.08437216099006
M2,67.559612788296,17.65767260809986,14.782714603604148
M3,8.12815048711472,72.45496911502354,19.416880397861732
M4,15.03590491796092,23.4230704448374,61.54102463720168
M5,45.281617911371406,32.91624144063614,21.802140647992452
M9,87.26631305483961,6.112724795590439,6.620962149569947
M10,7.193557013499308,81.93266060963094,10.873782376869755
M2,66.5244999874529,17.825865886939667,15.649634125607434
M3,7.8643762469453975,71.92636022248284,20.20926353057176
M4,14.285982513750582,22.829677729316984,62.884339756932434
M5,44.177741422576005,32.94551735744987,22.87674121997412
M8,3.733858267097637,7.232619113965276,89.0335226189371
M10,6.987571934992568,81.65233507880535,11.360092986202076
M2,66.71022483587808,17.946893886157522,15.342881277964398
M3,7.88514549124152,72.32706231685549,19.787792191902994
M4,14.475625722511966,23.22681006511704,62.297564212371
M5,44.34615797530865,33.20303061483578,22.450811409855568
M8,3.8086598147639528,7.406555646255754,88.78478453898029
M9,86.81252814950678,6.259185604545165,6.92828624594806
M2,68.98310626276138,16.74912958946156,14.267764147777058
M3,8.672253213771901,71.77608916620544,19.551657620022667
M4,15.82573732822381,22.933691882585066,61.240570789191125
M5,46.915185168165664,31.72804094566088,21.356773886173457
M7,48.611000662624754,49.841650084508515,1.5473492528667308
M10,7.668592863456698,81.35258934416152,10.97881779238179
M2,69.44628017340362,16.602537291445717,13.95118253515066
M3,8.82340385571586,71.85285703885141,19.323739105432722
M4,16.16853063325519,23.053265714232108,60.7782036525127
M5,47.45012812447055,31.567909129069914,20.981962746459534
M7,49.027093045468696,49.45697975303714,1.515927201494165
M9,88.1883974805303,5.664518200542269,6.1470843189274325
M2,67.93236986133952,17.223347089038807,14.84428304962167
M3,8.30626874616593,71.87235540465295,19.821375849181123
M4,15.149394276542633,22.90862056025283,61.941985163204535
M5,45.732849388609964,32.27042381478435,21.996726796605685
M7,47.462351842922004,50.92755279687552,1.6100953602024788
M8,4.003428967637429,7.336458029966671,88.66011300239589
M2,66.83251876926099,18.800714587048578,14.366766643690436
M3,7.726004242412529,74.13973388683404,18.134261870753434
M4,14.925955633301033,25.040185035718455,60.03385933098052
M5,44.32904483076986,34.71050121741084,20.960453951819304
M6,18.089743697676386,44.84159207204835,37.06866423027527
M10,6.777518373735139,83.15271635472484,10.069765271540021
M2,66.99678177275608,18.80918142814827,14.194036799095649
M3,7.765992735885342,74.29081662220001,17.94319064191464
M4,15.064752535902265,25.220673622838603,59.714573841259124
M5,44.49248291626121,34.75486359789945,20.75265348583934
M6,18.200728425140568,45.0372638554094,36.76200771945003
M9,87.0547120235261,6.554722952244679,6.390565024229228
M2,65.96344628236812,18.98881104136561,15.047742676266264
M3,7.518394635435545,73.77323471857588,18.70837064598858
M4,14.315236616330363,24.57956194091625,61.10520144275338
M5,43.41572432725184,34.78388686713578,21.800388805612386
M6,17.498914840379822,44.42898351303701,38.072101646583164
M8,3.8166542539417985,7.941568952999413,88.24177679305879
M2,67.93286890697854,18.231066986695634,13.836064106325825
M3,8.091283624211442,73.94764022996337,17.96107614582519
M4,15.599230304121372,24.9613960619565,59.43937363392212
M5,45.56758613353153,34.01107163334339,20.42134223312508
M6,18.840807447004725,44.57327644364453,36.58591610935075
M7,46.213425209698386,52.33768066680378,1.448894123497837
M1,36.22468893471101,32.85375458078771,30.92155648450128
M6,21.772491845940312,39.76895772659756,38.45855042746213
M7,52.56531038222469,45.9360902778555,1.4985993399198136
M8,4.702938906928872,7.036449077468382,88.26061201560275
M9,89.30692421189795,4.956965489833543,5.736110298268507
M10,8.840276112895031,79.84547608184515,11.314247805259825
M1,35.96629136576793,32.56865995319676,31.465048681035313
M5,50.16570524302788,28.871910648963016,20.962384108009104
M7,52.57386402122387,45.89225812054358,1.5338778582325503
M8,4.602685943095176,6.874644880919909,88.5226691759849
M9,89.1847275994993,4.94349459108764,5.871777809413063
M10,8.828123974663491,79.59468001369267,11.577196011643835
M1,33.02561921512209,35.38074183386747,31.59363895101044
M5,46.79076515363784,31.83710268801253,21.37213215834963
M6,19.476325197719785,41.98793135326618,38.535743449014035
M8,4.20240018910415,7.42445248895306,88.37314732194278
M9,87.88740976371896,5.777895234472289,6.334695001808748
M10,7.628452000439753,81.4145405008167,10.95700749874355
M1,36.6051429395227,33.29369644952488,30.10116061095242
M5,50.73272960264452,29.34254851174143,19.92472188561405
M6,22.049062190455516,40.42146407992065,37.52947372962383
M7,52.515386938643,46.041536071300875,1.4430769900561273
M9,89.46791088640613,4.995322294497532,5.5367668190963375
M10,8.852400395518226,80.22368249413547,10.923917110346295
M1,35.04305110623997,33.819299343984525,31.137649549775503
M5,49.067275350650675,30.105637236313044,20.82708741303628
M6,20.909405409627016,40.642680370181616,38.44791422019137
M7,51.03469079995065,47.45019367518941,1.5151155248599366
M8,4.5186048423261305,7.196235772476279,88.28515938519759
M10,8.373263877666442,80.47278437066554,11.153951751668018
M1,35.86438088131544,33.621109512676895,30.514509606007664
M5,49.93972647332146,29.764298343166512,20.29597518351203
M6,21.51012008421829,40.61924943149899,37.87063048428272
M7,51.75645759115973,46.77219056414033,1.4713518446999387
M8,4.705120607424412,7.277390309020092,88.01748908355549
M9,89.15658951728274,5.13704777380368,5.706362708913581
M1,34.77570814235684,33.34598109463866,31.878310763004492
M4,16.586270741502304,21.66840439475329,61.74532486374441
M7,51.15807013802737,47.27452136352104,1.5674084984515915
M8,4.397549170312436,6.958809003095683,88.64364182659189
M9,88.66626733579167,5.214327052154801,6.119405612053526
M10,8.382281624368035,80.08777059508199,11.529947780549975
M1,32.50018099579681,35.55169334796188,31.94812565624131
M4,15.433548882273529,22.98370727527039,61.58274384245608
M6,19.097389226017377,42.06234576266435,38.840265011318266
M8,4.095662873860766,7.391032457575866,88.51330466856338
M9,87.63462201026177,5.879176866716609,6.486201123021626
M10,7.482198597304874,81.48748764633349,11.030313756361636
M1,35.58966302711689,34.26004186452235,30.15029510836075
M4,17.38625912902783,22.800762644607513,59.81297822636465
M6,21.30634362284392,41.33204287757227,37.36161349958382
M7,51.11354193318479,47.43971578894518,1.4467422778700296
M9,89.05599028923456,5.2636797417020835,5.680329969063359
M10,8.430511247988703,80.85504300814222,10.714445743869078
M1,34.22077364217635,34.411826246804395,31.367400111019265
M4,16.37638401971884,22.520144882268056,61.1034710980131
M6,20.26677390435903,41.19973967312397,38.533486422517
M7,49.91528911049775,48.55272995044207,1.5319809390601762
M8,4.37210857129082,7.284185535591159,88.34370589311801
M10,8.045650650133647,80.87231344301772,11.082035906848631
M1,34.57407955635061,34.73008131796805,30.69583912568134
M4,16.89878090426277,22.76992086213992,60.331298233597316
M6,20.777424413321565,41.41480763070604,37.80776795597239
M7,50.44548907891854,48.073217628418384,1.481293292663075
M8,4.552521538766132,7.431339518006453,88.01613894322742
M9,88.73057178703431,5.398258122442792,5.8711700905229005
M1,31.238844611842808,35.52309914245481,33.23805624570238
M4,14.559200294637902,22.54774137959484,62.89305832576726
M5,44.82483837169823,32.39571030240083,22.779451325900943
M8,3.805546573568762,7.143654227050029,89.0507991993812
M9,86.96544032733301,6.068098654096402,6.966461018570585
M10,7.190506740748118,81.35071589692645,11.458777362325435
M1,34.8704159127949,33.98995489904917,31.139629188155936
M4,16.793905271702744,22.30276813857788,60.903326589719384
M5,48.868320763730885,30.28443736452157,20.847241871747546
M7,50.787615731017425,47.69716844360709,1.5152158253754848
M9,88.72970657046451,5.304625331443688,5.965668098091797
M10,8.301393736739332,80.58451682798389,11.114089435276782
M1,32.930638649567236,34.49680142761925,32.572559922813504
M4,15.515311742709427,22.139795882806666,62.344892374483905
M5,46.75924580738135,31.13748927667494,22.10326491594371
M7,48.955815513661044,49.425894197911084,1.6182902884278718
M8,4.0827232259642265,7.060165236577787,88.85711153745798
M10,7.740132036177377,80.77023668630272,11.489631277519905
M1,33.971412690938415,34.200684681484425,31.827902627577153
M4,16.009617776881377,22.36086510598568,61.629517117132934
M5,47.513906721836975,30.96974875420603,21.516344523956995
M7,49.51199797225441,48.92017204534407,1.5678299824015198
M8,4.247997105060986,7.189037048846443,88.56296584609257
M9,88.16040096759652,5.546776251394403,6.2928227810090815
M1,31.993544146452184,37.101489574132394,30.904966279415426
M4,15.38189026637578,24.293946107975398,60.32416362564882
M5,45.48952716295728,33.524413740795524,20.986059096247196
M6,18.75410602688471,43.770395866729295,37.47549810638599
M9,87.41928384841934,6.221728245647675,6.358987905932985
M10,7.1358463551553,82.51110199004003,10.353051654804673
M1,30.454059836345543,36.72031978341435,32.8256203802401
M4,14.255344429183282,23.395580968890886,62.349074601925835
M5,43.85292525728186,33.58403391327896,22.56304082943918
M6,17.679204270533486,42.905513211365815,39.415282518100696
M8,3.7480206845465394,7.45528556646101,88.79669374899244
M10,6.8424467615129165,82.10545158490933,11.05210165357775
M1,30.875226228004017,37.17376133686806,31.95101243512793
M4,14.62125728493091,23.96235188052927,61.416390834539826
M5,44.27041373408737,33.854425045350666,21.875161220561964
M6,17.973344400080013,43.554919043440975,38.471736556479016
M8,3.885373829280794,7.716636336995083,88.39798983372413
M9,86.82860281711417,6.409021542332348,6.762375640553478
M1,33.77785808981228,35.88943090020035,30.332711009987378
M4,16.416249456615493,23.745445447964826,59.838305095419685
M5,47.5271670110683,32.09178858438738,20.38104440454432
M6,20.01931662474904,42.79817147270705,37.182511902543915
M7,48.6941541518576,49.84570567467164,1.460140173470755
M10,7.738946850637453,81.84512753073285,10.4159256186297
M1,34.97354574791459,35.330164525119685,29.69628972696573
M4,17.039025946259283,23.74417472421397,59.216799329526744
M5,48.571648324535346,31.57619080607753,19.852160869387124
M6,20.707935687522,42.63218344447732,36.659880868000684
M7,49.65246741102371,48.92862265360155,1.4189099353747423
M9,88.716323254351,5.567770902878699,5.7159058427703044
M1,32.48813406725774,36.29923243612069,31.212633496621578
M4,15.570521078472371,23.694793413524796,60.73468550800284
M5,46.11173126445302,32.73263907346963,21.155629662077352
M6,19.088072487528493,42.96327751491026,37.94864999756125
M7,47.57509502101096,50.9286330265233,1.4962719524657402
M8,4.171767869656131,7.693133933131735,88.13509819721213
M1,35.92375969499618,32.73547587337705,31.340764431626774
M3,9.84603047083686,69.82154423201371,20.332425297149427
M7,52.425893715145975,46.05098995318709,1.5231163316669338
M8,4.610345985362322,6.930100763510974,88.45955325112669
M9,89.1681637123678,4.974937294018313,5.856898993613886
M10,8.785983217128695,79.7194735940177,11.494543188853612
M1,33.56391019257082,35.54054260118795,30.89554720624122
M3,8.762644004286864,72.1604847482116,19.07687124750153
M6,19.85737593703,42.33002276089446,37.81260130207554
M8,4.350535927438635,7.601064903886697,88.04839916867466
M9,88.16435580115694,5.726626911804713,6.109017287038343
M10,7.740088745927357,81.58192840879532,10.677982845277327
M1,36.12542476546115,33.95911885986891,29.915456374669944
M3,9.733007290556841,71.197657896045,19.069334813398157
M6,21.70367340220582,41.10059599832428,37.1957305994699
M7,51.706156705911695,46.863154816417975,1.43068847767033
M9,89.27975223819111,5.152620405510984,5.567627356297908
M10,8.61272603809897,80.68361150783609,10.70366245406494
M1,35.15446561370456,34.106686327026786,30.738848059268655
M3,9.416297115259429,71.10105895657681,19.482643928163768
M6,20.987266697913903,41.03153397331317,37.98119932877294
M7,50.918137599440904,47.594609459240225,1.4872529413188715
M8,4.580927120541855,7.334949043942956,88.08412383551519
M10,8.351261812231902,80.69893106494555,10.949807122822548
M1,35.667563531603335,34.11179156892267,30.220644899473996
M3,9.571522226622294,71.23974961466634,19.18872815871137
M6,21.366843477095856,41.16713934920594,37.466017173698205
M7,51.27125561078744,47.27727556134972,1.4514688278628398
M8,4.714506811757419,7.441437472654037,87.84405571558855
M9,89.08587124663136,5.236486235182174,5.677642518186469
M1,32.9550794642377,35.07738412338558,31.967536412376724
M3,8.641604714477584,71.53282217177245,19.825573113749968
M5,46.737070255454285,31.612169606528326,21.65076013801739
M8,4.152060031783615,7.292449037874281,88.5554909303421
M9,87.83604644522096,5.744093967640667,6.419859587138375
M10,7.659483787500173,81.19539841896157,11.145117793538247
M1,36.12488497728314,33.21644262962439,30.658672393092473
M3,9.832390598297454,70.41212861571107,19.75548078599148
M5,50.24188115799194,29.39023260753571,20.367886234472348
M7,52.21356156368252,46.305068330500404,1.4813701058170778
M9,89.25899339362387,5.036442266033334,5.704564340342798
M10,8.744393303752902,80.12220688662406,11.133399809623043
M1,34.79835956387102,33.600129551526614,31.60151088460237
M3,9.374720274037474,70.47313263556597,20.152147090396554
M5,48.83414701176482,29.976140207882526,21.189712780352654
M7,50.99045635317623,47.46121778035256,1.5483258664712096
M8,4.430282871173131,7.0625485635528795,88.50716856527399
M10,8.346005887008861,80.28703488417274,11.366959228818402
M1,35.42986256241205,33.50468990715339,31.065447530434568
M3,9.576731128067328,70.54000819200189,19.883260679930785
M5,49.48513184734721,29.77437155146331,20.740496601189477
M7,51.5205524077521,46.96877691621151,1.5106706760363906
M8,4.57611994070273,7.145375542504075,88.2785045167932
M9,88.9642776628819,5.160128575461886,5.875593761656216
M1,32.80840022757087,37.40252891296746,29.789070859461667
M3,8.324965963892993,73.80009959783703,17.874934438269975
M5,46.3372871116676,33.57180240041893,20.09091048791347
M6,19.330571374285377,44.3623676469829,36.307060978731734
M9,87.85359025526894,6.1418403515857625,6.004569393145297
M10,7.294460274360309,82.7794594431367,9.926080282502994
M1,32.19846186710292,37.133831452555974,30.667706680341105
