EM1 EM2 EM3 cv
1.693153027470089356e+01 2.631694906023950509e+01 5.675152066505960846e+01 4.944416868793567732e-02
1.691084182729146335e+01 2.419070854042366747e+01 5.889844963228487984e+01 5.204928800872503369e-02
1.796230578702660452e+01 2.255281165269244070e+01 5.948488256028095122e+01 5.069481062244913377e-02
1.738963734567851915e+01 2.377802788938107881e+01 5.883233476494039138e+01 5.163625893094538760e-02
1.527115919421566481e+01 2.469499228121097900e+01 6.003384852457335796e+01 5.663584116005070807e-02
1.799528641273683505e+01 2.336900200384963000e+01 5.863571158341353140e+01 4.790721772396069195e-02
1.655897030010805082e+01 2.325147826319162547e+01 6.018955143670032015e+01 5.050259287803331859e-02
1.755172956062318335e+01 2.150473048902528816e+01 6.094353995035151428e+01 4.885797831102000471e-02
1.728770575023300538e+01 2.299692087635774485e+01 5.971537337340925689e+01 4.981285985435602442e-02
1.504964494970185029e+01 2.367072032075850174e+01 6.127963472953964441e+01 5.444104302756990615e-02
1.755797570671784413e+01 2.250130490906496306e+01 5.994071938421718215e+01 4.775389466403206357e-02
1.627549729458820948e+01 2.237401206695692579e+01 6.135049063845486472e+01 5.018816263336596528e-02
1.749787913389156202e+01 2.089682038204912828e+01 6.160530048405929904e+01 4.934122938346058307e-02
1.687113096439202664e+01 2.202089300899415392e+01 6.110797602661381234e+01 4.981003886548060478e-02
1.476142631502602853e+01 2.266975998945435222e+01 6.256881369551960859e+01 5.422790259960391657e-02
1.784729846551504195e+01 2.398034238233062609e+01 5.817235915215432129e+01 4.599998550932932889e-02
1.645567053967014459e+01 2.393698521796921597e+01 5.960734424236065365e+01 4.819315863025874780e-02
1.741182337738270647e+01 2.213200477330531157e+01 6.045617184931197130e+01 4.749541790658851764e-02
1.708588230089992166e+01 2.359338154218095696e+01 5.932073615691911783e+01 4.827665075009602430e-02
1.485583241499506002e+01 2.445831416276630321e+01 6.068585342223863677e+01 5.319704071790404970e-02
1.959300279988686455e+01 2.160807963005065702e+01 5.879891757006247843e+01 5.141191837450147933e-02
1.826277894117160372e+01 2.146483159934305363e+01 6.027238945948533910e+01 5.408093136562170528e-02
1.942696834499117031e+01 1.965457452211349576e+01 6.091845713289533393e+01 5.299253203169799337e-02
1.882237881514558708e+01 2.110453092095503891e+01 6.007309026389938111e+01 5.365225862170314164e-02
1.644319655978222627e+01 2.196624494801207916e+01 6.159055849220569456e+01 5.848880173642857089e-02
1.868939973377730013e+01 2.099764863851918761e+01 6.031295162770351226e+01 4.996560967807903847e-02
1.809247446809805737e+01 2.062256085936741457e+01 6.128496467253453517e+01 5.261565152850692512e-02
1.909310008942527759e+01 1.891452125008681762e+01 6.199237866048790835e+01 5.127815878597637850e-02
1.858457153293370823e+01 2.027243103814169345e+01 6.114299742892458767e+01 5.193058729314276728e-02
1.623391833964492292e+01 2.103436792366235508e+01 6.273171373669271844e+01 5.637717378404254187e-02
1.889985110825708503e+01 1.991883153687339103e+01 6.118131735486952749e+01 5.023484018651308558e-02
1.775884651770959621e+01 1.969767061043510736e+01 6.254348287185530353e+01 5.272538044450695432e-02
1.875740034267709433e+01 1.803723188761750862e+01 6.320536776970538995e+01 5.215570176118316387e-02
1.825424162976675291e+01 1.938891076328253149e+01 6.235684760695070850e+01 5.233754530196667309e-02
1.596878595490371033e+01 2.010540380101000224e+01 6.392581024408629276e+01 5.655796376275812332e-02
1.875859388300090913e+01 2.156268343433878698e+01 5.967872268266030034e+01 4.829368189096244768e-02
1.793808249739415217e+01 2.110341699469600130e+01 6.095850050790983943e+01 5.056307946315524715e-02
1.902323497169458477e+01 1.939314460035204846e+01 6.158362042795336322e+01 5.011622840161494841e-02
1.847094936451690828e+01 2.078891445967730789e+01 6.074013617580579449e+01 5.061037873117041341e-02
1.609284135760214696e+01 2.159371809180980506e+01 6.231344055058804798e+01 5.533950745917030206e-02
1.932416429827661375e+01 2.275365534009808144e+01 5.792218036162530836e+01 5.055123610033385867e-02
1.812503130865873402e+01 2.254707641605772395e+01 5.932789227528353848e+01 5.308134929073626135e-02
1.912266421053795895e+01 2.065172907717754924e+01 6.022560671228449536e+01 5.205575304958113408e-02
1.870002619615605255e+01 2.209450652858297914e+01 5.920546727526096475e+01 5.285428981727790382e-02
1.621806154123925126e+01 2.319879332638736003e+01 6.058314513237338161e+01 5.755942889836563464e-02
1.893591053231473609e+01 2.187854415051060997e+01 5.918554531717465750e+01 4.897337637548003497e-02
1.782447415007151292e+01 2.167303786009951239e+01 6.050248798982895693e+01 5.148927448303657062e-02
1.880128885891025448e+01 1.983198871150923637e+01 6.136672242958050560e+01 5.020979501048060401e-02
1.838977214302489571e+01 2.126310136988137955e+01 6.034712648709371763e+01 5.100983909020300605e-02
1.596580756656191191e+01 2.228961044707067884e+01 6.174458198636741457e+01 5.532554833410213702e-02
1.867648677792521639e+01 2.088442547673922434e+01 6.043908774533556993e+01 4.917037707376671618e-02
1.750676798135535606e+01 2.071442588333424339e+01 6.177880613531039700e+01 5.153028166385280329e-02
1.849851136917439476e+01 1.899412041489600966e+01 6.250736821592959558e+01 5.103013210081555617e-02
1.805030233283426000e+01 2.032189205115084008e+01 6.162780561601489637e+01 5.134749232962011745e-02
1.534659397781262768e+01 2.128370184880964544e+01 6.336970417337771977e+01 5.544732809390787859e-02
1.880688119907044609e+01 2.261529530119693732e+01 5.857782349973262370e+01 4.732025496395136227e-02
1.767970772790599199e+01 2.217131152323994314e+01 6.014898074885405777e+01 4.943986602243014006e-02
1.875721963333699094e+01 2.045642999850062793e+01 6.078635036816238113e+01 4.907702682842093184e-02
1.829786656862276217e+01 2.175004906273099436e+01 5.995208436864624701e+01 4.971411205530057442e-02
1.556401974416505141e+01 2.274700912491823246e+01 6.168897113091671969e+01 5.431473824716988308e-02
1.856312774775962282e+01 2.279449691809239198e+01 5.864237533414797809e+01 4.978876252124797563e-02
1.745864695659745536e+01 2.264945371513546846e+01 5.989189932826707263e+01 5.230709350821486497e-02
1.863158712222850610e+01 2.064352112135050987e+01 6.072489175642098758e+01 5.146676850530085973e-02
1.802811164303906821e+01 2.233226465732197497e+01 5.963962369963895327e+01 5.213726414453337399e-02
1.566037197456007668e+01 2.305599335565510799e+01 6.128363466978481000e+01 5.711259354519084008e-02
1.836781250950016897e+01 2.201247988683048717e+01 5.961970760366934741e+01 4.822608605421611905e-02
1.725734696664180490e+01 2.179167230792453225e+01 6.095098072543365930e+01 5.073310979562340589e-02
1.833648863743910695e+01 1.980407676297011932e+01 6.185943459959077728e+01 4.962865766879841906e-02
1.785599188772963686e+01 2.127841272628601743e+01 6.086559538598434216e+01 5.029699434294151311e-02
1.543430956931359432e+01 2.213546270114412096e+01 6.243022772954229538e+01 5.489287622727076488e-02
1.793527324317240002e+01 2.098136416937567006e+01 6.108336258745192282e+01 4.836241973528997151e-02
1.695213415412549196e+01 2.076727743045301011e+01 6.228058841542149793e+01 5.071223525789181341e-02
1.804921392031613081e+01 1.891931155840406120e+01 6.303147452127980443e+01 5.038827552356337641e-02
1.748732631853541974e+01 2.041988038760289115e+01 6.209279329386168200e+01 5.058132508152182044e-02
1.520212842470136394e+01 2.113508465922698676e+01 6.366278691607165285e+01 5.495425509362777960e-02
1.823384998532849011e+01 2.246729510311914879e+01 5.929885491155236110e+01 4.651023445091931330e-02
1.707938165400601349e+01 2.225665731103906708e+01 6.066396103495491587e+01 4.861559197291461659e-02
1.824593259499465958e+01 2.039761087734089884e+01 6.135645652766444158e+01 4.845543702420328919e-02
1.766926322505491953e+01 2.184156926061395509e+01 6.048916751433113603e+01 4.895452700536956359e-02
1.528557788377847260e+01 2.276895975817046391e+01 6.194546235805107415e+01 5.384087308849032361e-02
1.800843125346024465e+01 2.293518466441909709e+01 5.905638408212066537e+01 4.937358638791968651e-02
1.746024832832150153e+01 2.256482472122245042e+01 5.997492695045603739e+01 5.183184957439868762e-02
1.871338231634506144e+01 2.056367457636724794e+01 6.072294310728768352e+01 5.102090190864479874e-02
1.807342725142772721e+01 2.219204198012543472e+01 5.973453076844683096e+01 5.132634070132624515e-02
1.547813707832681906e+01 2.312579225247582215e+01 6.139607066919736411e+01 5.639574475979532847e-02
1.850162556896101407e+01 2.183381911094589611e+01 5.966455532009309337e+01 4.779064490269838150e-02
1.733921974989635473e+01 2.167140603773280816e+01 6.098937421237084777e+01 5.024427831901441543e-02
1.840869127440463870e+01 1.975393111876407204e+01 6.183737760683128215e+01 4.916663989657545780e-02
1.783774146062463473e+01 2.131952098010404129e+01 6.084273755927131333e+01 4.946259119765774454e-02
1.546926523792194175e+01 2.214898854768921765e+01 6.238174621438884770e+01 5.414928579587946489e-02
1.818394269194523361e+01 2.096247503075660390e+01 6.085358227729815894e+01 4.796307989086535939e-02
1.706235596601421989e+01 2.066471037153024426e+01 6.227293366245553585e+01 5.025591592850509048e-02
1.813119703179259190e+01 1.884895193226562427e+01 6.301985103594178383e+01 4.996342802510567171e-02
1.753823920029148908e+01 2.034024539808985566e+01 6.212151540161865881e+01 4.978941567479443914e-02
1.520103848467903696e+01 2.119522216300845230e+01 6.360373935231251608e+01 5.425415032985838465e-02
1.838029842533333635e+01 2.232872255582275756e+01 5.929097901884390609e+01 4.609265760984206095e-02
1.718783702547436576e+01 2.214833538004318569e+01 6.066382759448244855e+01 4.813145945286675248e-02
1.835330845746333850e+01 2.033717680567642105e+01 6.130951473686025111e+01 4.800504075011291505e-02
1.770519640576444687e+01 2.183541365789549005e+01 6.045938993634006664e+01 4.811654978474076694e-02
1.533767573478713508e+01 2.269424113061131010e+01 6.196808313460155659e+01 5.310449155222646267e-02
1.903964902504058898e+01 2.395662667221018438e+01 5.700372430274923374e+01 4.998373942884223181e-02
1.787644783995046538e+01 2.375305102886854414e+01 5.837050113118099404e+01 5.225081666464547608e-02
1.866667705835218172e+01 2.200713423343432495e+01 5.932618870821350043e+01 5.124908657626153774e-02
1.834458347523676025e+01 2.342330016949842175e+01 5.823211635526481444e+01 5.210450945683493817e-02
1.585277256298998161e+01 2.482313566790550041e+01 5.932409176910451976e+01 5.681063855181890665e-02
1.851717823129908780e+01 2.310568971216707368e+01 5.837713205653383142e+01 4.838992894775756559e-02
1.760822399813373806e+01 2.281643127466699994e+01 5.957534472719925844e+01 5.064791847307357348e-02
1.851301100789977383e+01 2.119687141422815557e+01 6.029011757787207415e+01 4.935726215622932705e-02
1.808923634643997502e+01 2.246302940877666643e+01 5.944773424478336210e+01 5.023239831093163216e-02
1.576763758444451291e+01 2.334795066049023049e+01 6.088441175506525838e+01 5.456611836546865213e-02
1.841465152767770164e+01 2.197753380268111556e+01 5.960781466964117925e+01 4.814303686021793177e-02
1.722829253765627655e+01 2.185816579775667279e+01 6.091354166458706487e+01 5.024301885102992749e-02
1.810334313554702845e+01 2.019728984726808463e+01 6.169936701718489758e+01 4.974146259202661541e-02
1.767263426969246609e+01 2.144766642450733585e+01 6.087969930580019451e+01 5.013958249415983309e-02
1.549540981336750711e+01 2.238867659620002470e+01 6.211591359043246285e+01 5.427927590716644796e-02
1.855692704731594489e+01 2.367475402374026672e+01 5.776831892894379905e+01 4.655390829077584586e-02
1.738928292562400912e+01 2.342201318328690718e+01 5.918870389108908370e+01 4.839459793304032309e-02
1.821132471590611956e+01 2.172414150817537504e+01 6.006453377591850540e+01 4.806465501750521729e-02
1.791101427895196352e+01 2.309235157900808844e+01 5.899663414203994449e+01 4.875611801839884601e-02
1.535625005115908159e+01 2.475529088450791093e+01 5.988845906433301280e+01 5.337139876249473447e-02
2.027589538138224157e+01 2.131947826860429274e+01 5.840462635001346570e+01 5.203642030218823267e-02
1.910083568846222235e+01 2.114441502322847910e+01 5.975474928830929855e+01 5.436699556473487127e-02
2.007851939966995047e+01 1.942312148054875820e+01 6.049835911978129843e+01 5.362304237205080953e-02
1.959615423440407866e+01 2.082439280241841217e+01 5.957945296317750916e+01 5.420238752405328458e-02
1.720060406093054084e+01 2.165752339341375077e+01 6.114187254565570839e+01 5.873460126552944305e-02
1.982448335893905522e+01 2.064241247683444413e+01 5.953310416422650064e+01 5.054020032285415354e-02
1.887651013644275366e+01 2.028316150417750663e+01 6.084032835937973260e+01 5.284971549296812315e-02
1.979757256015179223e+01 1.860272908956573801e+01 6.159969835028246621e+01 5.186245083694969449e-02
1.900999434229768070e+01 2.017185711172860607e+01 6.081814854597370612e+01 5.243576156441562969e-02
1.599364928856395096e+01 2.219638599073456930e+01 6.180996472070148684e+01 5.658018264886723742e-02
1.965062523536496997e+01 1.963832923594878821e+01 6.071104552868624182e+01 5.071153053341961175e-02
1.857777447139581284e+01 1.934381670344928850e+01 6.207840882515488801e+01 5.286707152579044749e-02
1.950710984629251854e+01 1.776363088250394640e+01 6.272925927120353151e+01 5.263433055397360311e-02
1.895457351894431852e+01 1.909742670473670501e+01 6.194799977631898003e+01 5.274887727433198725e-02
1.666560477338529012e+01 1.983441957012938772e+01 6.349997565648532571e+01 5.668667391889479351e-02
1.976443336306338239e+01 2.117214537890111004e+01 5.906342125803551824e+01 4.893253025458384198e-02
1.866683913530665606e+01 2.080478817553654736e+01 6.052837268915680369e+01 5.084911835462002649e-02
1.970301478941452444e+01 1.913305525823222908e+01 6.116392995235324292e+01 5.076098577705739912e-02
1.873760682537181665e+01 2.063203509784930034e+01 6.063035807677887590e+01 5.116952530961776241e-02
1.611236426134066946e+01 2.152055717692685732e+01 6.236707856173246256e+01 5.558737894768896182e-02
1.999202802904396492e+01 2.243466369504581692e+01 5.757330827591021460e+01 5.123455827277530183e-02
1.873343902747265233e+01 2.220940103115056274e+01 5.905715994137680269e+01 5.342054956874709576e-02
1.979232658787593024e+01 2.064123278527823047e+01 5.956644062684583929e+01 5.274435656615860529e-02
1.937502354429462414e+01 2.182250644993901290e+01 5.880247000576636651e+01 5.345781732124008090e-02
1.682926973575201046e+01 2.275536430837363255e+01 6.041536595587435698e+01 5.785186665591032784e-02
1.964526429013210063e+01 2.163072806864585118e+01 5.872400764122204464e+01 4.960801253449137471e-02
1.857975215592033891e+01 2.132743173471916620e+01 6.009281610936049844e+01 5.177638790943834418e-02
1.938428936825074800e+01 1.956155768700762465e+01 6.105415294474163090e+01 5.085003778436783528e-02
1.906661932373365786e+01 2.095723979572211704e+01 5.997614088054421444e+01 5.156746853608556308e-02
1.663390296381568945e+01 2.197634488784394691e+01 6.138975214834036365e+01 5.557440152709820780e-02
1.940062797672246475e+01 2.056187177361490015e+01 6.003750024966264220e+01 4.970636989003775902e-02
1.830805571853674962e+01 2.033436453698986668e+01 6.135757974447337659e+01 5.172304440520664875e-02
1.926927535551939030e+01 1.862678983277113787e+01 6.210393481170947894e+01 5.156370049426731161e-02
1.876052906051417324e+01 2.008872300428696533e+01 6.115074793519886498e+01 5.181012805333171101e-02
1.645153842625112262e+01 2.080591641016807714e+01 6.274254516358079314e+01 5.561658400454040641e-02
1.952694555203962068e+01 2.229089331347359249e+01 5.818216113448678328e+01 4.802069518733630138e-02
1.837500625587628633e+01 2.199727739473739874e+01 5.962771634938631848e+01 4.978238508109397026e-02
1.942673184281942866e+01 2.009175455224831808e+01 6.048151360493226036e+01 4.978120684258586365e-02
1.840313173011275083e+01 2.194980725767342378e+01 5.964706101221382539e+01 5.033137721099900652e-02
1.622050425730255441e+01 2.246505528691469067e+01 6.131444045578274427e+01 5.460917705420147844e-02
1.937537245724677959e+01 2.248295119390754948e+01 5.814167634884566382e+01 5.045356263808303821e-02
1.815499311497380219e+01 2.231275991898162303e+01 5.953224696604457478e+01 5.263074829191732168e-02
1.924962297475921957e+01 2.041312765005026009e+01 6.033724937519053100e+01 5.213090053432514054e-02
1.866879963716706214e+01 2.192151629319650752e+01 5.940968406963642678e+01 5.272221131417315076e-02
1.627349457872639960e+01 2.290634263575537233e+01 6.082016278551821387e+01 5.738647850778772624e-02
1.854693620341911853e+01 2.216811235025609506e+01 5.928495144632478997e+01 4.884321910464328731e-02
1.800167890889132138e+01 2.140051588605221511e+01 6.059780520505645995e+01 5.100837663791909365e-02
1.904023167741674882e+01 1.951551486055840456e+01 6.144425346202484661e+01 5.024855153349590958e-02
1.846919044108203778e+01 2.100774004465072409e+01 6.052306951426723458e+01 5.084060144200452935e-02
1.600697190022265559e+01 2.188981523442556210e+01 6.210321286535178587e+01 5.512254513765876135e-02
1.880960021911242919e+01 2.065680522316058543e+01 6.053359455772698539e+01 4.888293270559384424e-02
1.767967981033917013e+01 2.065292583602965237e+01 6.166739435363116684e+01 5.089277408994413721e-02
1.873066849171641834e+01 1.883422549499361409e+01 6.243510601328996046e+01 5.090226516220323905e-02
1.810895887025858286e+01 2.006147888470820817e+01 6.182956224503320897e+01 5.102836293231929887e-02
1.592035389738303586e+01 2.078486930870684546e+01 6.329477679391012401e+01 5.510475563884566219e-02
1.882257412058296708e+01 2.260333253437612200e+01 5.857409334504092158e+01 4.719428330432822588e-02
1.779988849231556713e+01 2.192525015780613984e+01 6.027486134987829303e+01 4.894400358157596775e-02
1.896246332217075192e+01 2.005927959902172830e+01 6.097825707880753043e+01 4.913645729584453781e-02
1.834213842822860485e+01 2.155712177461350265e+01 6.010073979715788539e+01 4.955245978137105822e-02
1.596612600430971440e+01 2.239669285422165501e+01 6.163718114146863769e+01 5.411475603501101489e-02
1.949734002238555419e+01 2.236139290999556906e+01 5.814126706761886965e+01 5.004233748472353138e-02
1.830721488877499681e+01 2.221015894168343507e+01 5.948262616954157522e+01 5.215581684257754314e-02
1.930394315504257463e+01 2.039492325946664408e+01 6.030113358549077418e+01 5.169038128235558388e-02
1.869592787237267828e+01 2.194619807935674771e+01 5.935787404827057401e+01 5.192370542749687179e-02
1.630482467260874557e+01 2.299732159490456240e+01 6.069785373248669202e+01 5.667531244554145642e-02
1.883043163026980693e+01 2.222925112861831209e+01 5.894031724111187742e+01 4.841059633162872466e-02
1.808193657581649205e+01 2.139497781753486549e+01 6.052308560664863535e+01 5.051708586351052327e-02
1.897397689437843482e+01 2.013406296846029875e+01 6.089196013716126998e+01 4.978856824410006487e-02
1.852965028671730607e+01 2.102343975698573075e+01 6.044690995629697028e+01 5.001406604686183671e-02
1.601937421105526127e+01 2.191252873418683222e+01 6.206809705475789229e+01 5.438357174608439426e-02
1.885429060642886867e+01 2.051141891896537928e+01 6.063429047460574850e+01 4.848258083016943054e-02
1.759997910553693856e+01 2.059232232857583966e+01 6.180769856588722178e+01 5.043369107739278934e-02
1.885765803463485923e+01 1.865595943822172487e+01 6.248638252714341235e+01 5.047669751664704552e-02
1.826042069369283638e+01 2.003036414899277062e+01 6.170921515731438944e+01 5.024474731817678980e-02
1.595395640709858576e+01 2.080762586802241643e+01 6.323841772487899249e+01 5.440938536737578018e-02
1.862985217679884187e+01 2.222648510749264616e+01 5.914366271570851552e+01 4.677939618726529442e-02
1.787898044572536449e+01 2.182918511710217757e+01 6.029183443717246860e+01 4.845897971880265553e-02
1.904586090286641209e+01 1.998276281436437785e+01 6.097137628276920651e+01 4.869117771695155583e-02
1.839587275412270273e+01 2.155638982352497734e+01 6.004773742235231282e+01 4.872568107270860288e-02
1.599672323506513116e+01 2.243509548411712373e+01 6.156818128081774688e+01 5.338337638628085774e-02
2.046470166901403331e+01 2.318843059590961175e+01 5.634686773507635138e+01 5.039935424035518058e-02
1.919796820054699182e+01 2.310761640524256677e+01 5.769441539421044496e+01 5.259138086894014213e-02
2.022323910398490909e+01 2.116808854863808520e+01 5.860867234737700215e+01 5.165845670005064089e-02
1.971703671938760749e+01 2.272165017799247266e+01 5.756131310261992695e+01 5.246260637285370121e-02
1.721510992455519329e+01 2.375282330480560944e+01 5.903206677063919727e+01 5.699911307679005057e-02
2.015837463934635565e+01 2.229631177398032804e+01 5.754531358667331631e+01 4.879604816276579549e-02
1.900892345779614701e+01 2.216153976385696822e+01 5.882953677834689188e+01 5.097680847144928779e-02
2.001536641470411482e+01 2.021016221843461835e+01 5.977447136686126328e+01 4.975390832522019052e-02
1.952005793026997083e+01 2.171892137946190715e+01 5.876102069026811847e+01 5.057855260501783329e-02
1.702584320838763787e+01 2.268481230164857720e+01 6.028934448996378137e+01 5.473750662248796917e-02
1.978016656435872989e+01 2.126938436405350430e+01 5.895044907158776226e+01 4.858506931857585476e-02
1.868322114423858693e+01 2.112461124554676317e+01 6.019216761021465345e+01 5.060250255777831718e-02
1.963054318480474336e+01 1.932597329132882535e+01 6.104348352386643484e+01 5.017607134933826929e-02
1.907151656249498117e+01 2.088662699726138783e+01 6.004185644024363455e+01 5.051602629926520149e-02
1.632339796775445251e+01 2.175697824059168539e+01 6.191962379165386210e+01 5.447019466784252389e-02
1.992787717651258461e+01 2.294420452397681132e+01 5.712791829951060407e+01 4.699229572843589137e-02
1.877617871880599054e+01 2.271554418448332413e+01 5.850827709671068533e+01 4.874950023020378775e-02
1.986802411625126652e+01 2.086269611695502846e+01 5.926927976679370857e+01 4.849816951186251140e-02
1.927331624821112044e+01 2.239280782603830389e+01 5.833387592575057568e+01 4.913203702299121650e-02
1.679834873007995455e+01 2.338996993661758950e+01 5.981168133330246661e+01 5.356522951577672581e-02
2.184245561584266682e+01 2.056248907425571915e+01 5.759505530990160338e+01 5.243676717858358066e-02
2.055082701901361375e+01 2.043565436513669198e+01 5.901351861584971203e+01 5.468888131182662177e-02
2.158040028288954559e+01 1.872191384587454976e+01 5.969768587123590464e+01 5.401290362910696891e-02
2.104005677961949061e+01 2.015886185193452107e+01 5.880108136844598477e+01 5.454489751442562206e-02
1.842805343761374104e+01 2.101078241586781203e+01 6.056116414651845048e+01 5.890790775345487035e-02
2.138368935842394691e+01 1.985765567696370582e+01 5.875865496461235438e+01 5.093194005200270963e-02
2.025193516052213383e+01 1.963438943102322654e+01 6.011367540845463253e+01 5.316320242207802499e-02
2.112569985050557619e+01 1.799810740981842017e+01 6.087619273967600009e+01 5.223897283671417868e-02
2.072637712275074406e+01 1.932861963045253617e+01 5.994500324679671621e+01 5.276777027439729512e-02
1.828962385264944501e+01 2.011227225101000471e+01 6.159810389634055383e+01 5.673792070881873012e-02
1.991725130088790863e+01 2.015558857664625592e+01 5.992716012246583546e+01 5.113606644340536883e-02
1.959284322614972851e+01 1.879163380731419153e+01 6.161552296653606930e+01 5.320688616420229250e-02
2.093000071336970791e+01 1.706328437392659580e+01 6.200671491270369273e+01 5.304387025503879555e-02
2.038895035628808827e+01 1.844205719818658906e+01 6.116899244552531911e+01 5.310728378120976173e-02
1.796913498609229265e+01 1.943413597705829332e+01 6.259672903684940337e+01 5.686374016925965780e-02
2.123704580481738802e+01 2.038838830500755961e+01 5.837456589017505593e+01 4.935196578771558484e-02
2.008929467298063898e+01 2.013339172012622669e+01 5.977731360689313789e+01 5.118444776802617141e-02
2.114918332496237596e+01 1.848554209913777058e+01 6.036527457589986057e+01 5.117126332025814794e-02
2.050071315207939904e+01 1.989518204358457254e+01 5.960410480433603198e+01 5.152839416558812474e-02
1.812888989880198309e+01 2.067697546227400451e+01 6.119413463892401950e+01 5.576436526784029485e-02
2.148462014717897617e+01 2.162252385898397122e+01 5.689285599383704550e+01 5.166014610424737169e-02
2.024942261747445116e+01 2.152432023318118581e+01 5.822625714934437013e+01 5.376955182178780324e-02
2.128860882187313308e+01 1.967409707531424345e+01 5.903729410281263057e+01 5.315943898051422173e-02
2.080961583006694937e+01 2.110607562428261730e+01 5.808430854565043688e+01 5.382106274276356878e-02
1.785003249044649110e+01 2.238610808200542834e+01 5.976385942754807701e+01 5.804813190106124926e-02
2.111045672439561116e+01 2.083327750078218443e+01 5.805626577482220796e+01 5.002588061896264676e-02
1.995160279904478173e+01 2.065714171348988160e+01 5.939125548746534378e+01 5.211662246587987074e-02
2.095301963285920266e+01 1.886087245833650172e+01 6.018610790880428851e+01 5.125465745810512536e-02
2.021429314345925121e+01 2.030434455088905210e+01 5.948136230565170024e+01 5.192188220828398287e-02
1.799142291964810170e+01 2.115842851661071933e+01 6.085014856374117898e+01 5.575648053496184975e-02
2.072740061371302644e+01 1.992232072741054338e+01 5.935027865887643372e+01 5.015721148502765708e-02
1.923918470495376098e+01 2.132663562427359949e+01 5.943417967077264308e+01 5.209172414562620451e-02
2.064543278311341012e+01 1.796568217521013366e+01 6.138888504167645266e+01 5.200363961766447940e-02
1.963885082796806003e+01 1.971868710444864092e+01 6.064246206758330260e+01 5.219340170991485645e-02
1.762898825024607774e+01 2.030800892778071187e+01 6.206300282197321394e+01 5.581896739639442134e-02
2.098825068956599083e+01 2.136933790640685160e+01 5.764241140402715047e+01 4.846816322136276306e-02
1.978692803010549284e+01 2.116462787917892641e+01 5.904844409071558431e+01 5.014453985790978674e-02
2.088177820076095514e+01 1.942108067140319960e+01 5.969714112783584170e+01 5.021964485777384579e-02
2.000192146575196972e+01 2.092486627365847696e+01 5.907321226058954977e+01 5.071248900489351563e-02
1.783081386097898857e+01 2.178008303920241673e+01 6.038910309981859825e+01 5.481004575491929542e-02
2.080250580322856990e+01 2.177524941931889657e+01 5.742224477745253353e+01 5.084425423658487514e-02
1.946151862858491555e+01 2.165639480193786071e+01 5.888208656947721664e+01 5.294636139353386950e-02
2.072352671964828374e+01 1.971498457562261208e+01 5.956148870472910772e+01 5.250820839487576469e-02
2.012055754395913709e+01 2.122757315332973249e+01 5.865186930271111976e+01 5.305296406778237800e-02
1.762997459516022047e+01 2.219845208240034040e+01 6.017157332243944268e+01 5.754565340523788014e-02
2.025164392754378540e+01 2.116034729250442581e+01 5.858800877995179235e+01 4.922714732130341331e-02
1.933073836803072254e+01 2.076850134845307849e+01 5.990076028351620607e+01 5.131594777801790075e-02
2.043557583026011670e+01 1.886772626408682996e+01 6.069669790565305334e+01 5.061358022777933535e-02
1.987608681509364672e+01 2.038839365884445343e+01 5.973551952606188564e+01 5.116271521500583702e-02
1.740857588284312385e+01 2.122082537702117833e+01 6.137059874013569072e+01 5.526944279466092236e-02
1.962346339069094014e+01 2.029810696975921758e+01 6.007842963954983873e+01 4.929650323199237516e-02
1.896441054859490905e+01 1.980528974662976438e+01 6.123029970477532657e+01 5.122613383631093725e-02
2.008723171060424662e+01 1.801433531003587163e+01 6.189843297935988176e+01 5.130166943918985922e-02
1.946045049471451804e+01 1.979674482809311442e+01 6.074280467719236754e+01 5.137693656495442157e-02
1.712177902883283309e+01 2.038888484219589259e+01 6.248933612897127432e+01 5.527231419652426508e-02
1.978742959195523810e+01 2.172347135760486836e+01 5.848909905043988999e+01 4.760445642784909281e-02
1.914639512689266709e+01 2.134644260899598578e+01 5.950716226411135068e+01 4.927224283284428741e-02
2.032686484098948299e+01 1.944807048705232333e+01 6.022506467195819368e+01 4.953560536072958154e-02
1.968714556901356261e+01 2.099327352584699824e+01 5.931958090513943915e+01 4.989988957045569246e-02
1.722450847952497099e+01 2.181583658044972651e+01 6.095965494002530249e+01 5.428416087074690310e-02
2.092417977512866756e+01 2.163808208305086822e+01 5.743773814182046067e+01 5.045354809548238673e-02
1.967201400478148443e+01 2.152867705800176168e+01 5.879930893721675744e+01 5.249251790520301220e-02
2.065800235811454399e+01 1.966046387894170522e+01 5.968153376294375789e+01 5.208697778949831353e-02
2.011414012455207612e+01 2.133253154466211754e+01 5.855332833078580279e+01 5.227992138661324145e-02
1.738155744123825386e+01 2.227440026503726855e+01 6.034404229372447048e+01 5.685751416345288800e-02
2.027513239837037418e+01 2.122948998283523281e+01 5.849537761879440012e+01 4.881280825772695009e-02
1.942889529006357563e+01 2.066653017369387157e+01 5.990457453624254924e+01 5.084362979507121155e-02
2.047753835761767505e+01 1.880607982127179767e+01 6.071638182111052373e+01 5.017258247135238103e-02
1.985129993578058105e+01 2.038054439933171125e+01 5.976815566488770770e+01 5.036238908360841232e-02
1.746407880470941265e+01 2.122053489975017726e+01 6.131538629554040654e+01 5.454989658023423615e-02
2.033765267852967185e+01 1.982474338422460036e+01 5.983760393724573134e+01 4.891801568250776083e-02
1.869348258707633903e+01 2.100756019480540360e+01 6.029895721811824671e+01 5.078456138069238623e-02
2.025084516319972749e+01 1.788262643934457330e+01 6.186652839745569565e+01 5.089668022947682613e-02
1.939415283867528927e+01 2.021338413721428040e+01 6.039246302411042677e+01 5.061968139792847460e-02
1.719653226741781538e+01 2.023907460396515390e+01 6.256439312861703428e+01 5.459367431398101655e-02
2.044109962402793457e+01 2.144424870918435388e+01 5.811465166678772221e+01 4.721172266305979914e-02
1.921260282787809714e+01 2.118780844301061705e+01 5.959958872911128225e+01 4.880878762363015377e-02
2.049238577590427468e+01 1.931780870803522987e+01 6.018980551606049545e+01 4.910869426308615143e-02
1.970442032689247114e+01 2.103139609556182421e+01 5.926418357754570820e+01 4.910070466737938288e-02
1.715097781618755945e+01 2.182338946502392929e+01 6.102563271878850770e+01 5.357237360650358993e-02
1.945492333897054138e+01 2.351777260425904359e+01 5.702730405677041858e+01 5.076975087901330203e-02
1.826516908327810285e+01 2.337967744920290158e+01 5.835515346751898846e+01 5.292502303602242969e-02
1.912298780798180431e+01 2.146046548977910007e+01 5.941654670223909562e+01 5.198571385234972142e-02
1.871278859329660449e+01 2.302408146779784559e+01 5.826312993890555703e+01 5.279016153975712305e-02
1.638009064913542900e+01 2.400061626261803482e+01 5.961929308824653617e+01 5.719741741178697991e-02
1.915298807511521417e+01 2.263597714102960623e+01 5.821103478385517604e+01 4.916225561366258795e-02
1.811450698801566972e+01 2.239578239316049846e+01 5.948971061882382116e+01 5.130245576943757990e-02
1.891113061513311067e+01 2.063975799806856415e+01 6.044911138679832874e+01 5.007877074191353917e-02
1.850667460849987833e+01 2.202168405236858817e+01 5.947164133913152995e+01 5.090388017266094661e-02
1.571678348849641615e+01 2.308031114480960966e+01 6.120290536669398307e+01 5.493289064939797101e-02
1.888804721415458232e+01 2.152581680735118397e+01 5.958613597849423371e+01 4.898927536664836324e-02
1.774646627948123978e+01 2.133653544170481808e+01 6.091699827881394924e+01 5.097176307086756508e-02
1.850904059822682513e+01 1.970002834906287248e+01 6.179093105271029174e+01 5.053123837061870849e-02
1.821646830714221466e+01 2.101562174041156084e+01 6.076790995244621740e+01 5.087694219978378118e-02
1.582033277321020925e+01 2.204689435827183530e+01 6.213277286851794656e+01 5.469581355958974545e-02
1.887480823417133635e+01 2.325876072336102141e+01 5.786643104246763869e+01 4.731895716440204930e-02
1.784148991508314097e+01 2.310060855012902792e+01 5.905790153478783111e+01 4.904682010055394503e-02
1.876700280403934684e+01 2.124818859482168065e+01 5.998480860113897251e+01 4.877446322091507497e-02
1.833090335581546881e+01 2.273752500647496788e+01 5.893157163770955265e+01 4.941451923812576613e-02
1.594939256752959444e+01 2.362493353552002162e+01 6.042567389695038571e+01 5.372268737087155382e-02
2.043942216959623792e+01 2.100841705931398451e+01 5.855216077108977402e+01 5.285818741454469810e-02
1.954129517815658446e+01 2.073256078632643451e+01 5.972614403551698103e+01 5.507287547554431256e-02
2.052698424815070055e+01 1.900179960773950683e+01 6.047121614410978907e+01 5.438867809525771424e-02
2.001859400875418871e+01 2.044183966040416678e+01 5.953956633084164451e+01 5.491913140405751265e-02
1.761517257142427084e+01 2.126307232344093734e+01 6.112175510513478827e+01 5.915468880911473049e-02
2.030738032613642474e+01 2.019331719598061170e+01 5.949930247788296356e+01 5.135184772697796302e-02
1.902726787122266217e+01 1.999783366859350409e+01 6.097489846018383020e+01 5.354475850704670803e-02
2.016357532521751139e+01 1.821102522618490127e+01 6.162539944859759089e+01 5.261297837091803709e-02
1.970273648755292584e+01 1.962337205017233543e+01 6.067389146227473162e+01 5.314128814190838962e-02
1.729749541150531300e+01 2.061829096697942632e+01 6.208421362151526068e+01 5.698332971829068311e-02
2.005143256399833618e+01 1.916734392665850351e+01 6.078122350934314966e+01 5.159052408931830147e-02
1.892589299939984571e+01 1.898672861366281595e+01 6.208737838693733835e+01 5.362630901237997599e-02
1.991755440996203319e+01 1.734706583502165600e+01 6.273537975501631792e+01 5.344715686791349368e-02
1.937511732307370949e+01 1.871782714899813271e+01 6.190705552792815780e+01 5.351419705732018972e-02
1.713664623711148849e+01 1.941369473777900367e+01 6.344965902510951139e+01 5.713506983188673671e-02
2.020906257296130804e+01 2.068511707988085035e+01 5.910582034715784516e+01 4.973070519041816046e-02
1.901962860575478587e+01 2.047969505349955810e+01 6.050067634074565603e+01 5.153283159753677123e-02
2.012840552569577213e+01 1.882737710116164465e+01 6.104421737314257967e+01 5.149513021103810373e-02
1.954127627119585497e+01 2.015798463124479412e+01 6.030073909755935802e+01 5.185633335899814123e-02
1.717007739667167954e+01 2.093931874009459193e+01 6.189060386323372853e+01 5.596695270291492108e-02
2.044767446600038596e+01 2.200807421223530724e+01 5.754425132176430679e+01 5.208742663569364967e-02
1.925698681536020729e+01 2.182011870329219150e+01 5.892289448134759766e+01 5.415848339409663759e-02
2.027997766249074374e+01 1.994513517448924489e+01 5.977488716302001137e+01 5.354014985193612103e-02
1.980766357967417690e+01 2.141470854788678579e+01 5.877762787243904086e+01 5.420061248607685456e-02
1.735747385091786299e+01 2.235879471063504553e+01 6.028373143844708437e+01 5.829706621510286763e-02
2.006715157034520303e+01 2.114741466949867643e+01 5.878543376015610988e+01 5.045090234624676623e-02
1.890459957868307939e+01 2.116532412833814192e+01 5.993007629297878225e+01 5.250059080127564975e-02
1.976310118478334843e+01 1.916684163995037693e+01 6.107005717526627819e+01 5.163425787065523825e-02
1.949822457011542554e+01 2.054670210533868158e+01 5.995507332454588578e+01 5.230001284248041171e-02
1.694875430239009617e+01 2.144858278358697845e+01 6.160266291402292893e+01 5.600232257906882782e-02
1.978826393579450738e+01 2.015237416491084232e+01 6.005936189929465030e+01 5.062113817841209368e-02
1.866722048496871267e+01 1.995325679558954590e+01 6.137952271944174498e+01 5.251629511889518986e-02
1.919989207761069494e+01 1.835466012545040115e+01 6.244544779693890035e+01 5.241116327463591490e-02
1.917265338402338770e+01 1.961849908933601583e+01 6.120884752664058936e+01 5.260501616700238164e-02
1.685509073393030377e+01 2.043565480599231066e+01 6.270925446007739623e+01 5.609266331694138380e-02
1.994544305348162894e+01 2.168005897646046876e+01 5.837449797005790941e+01 4.885386869230957940e-02
1.865213121743347457e+01 2.155179658511846341e+01 5.979607219744806201e+01 5.049905389247909965e-02
1.989093899767845741e+01 1.970128534112273755e+01 6.040777566119880504e+01 5.054839248796848261e-02
1.937115788953655837e+01 2.112993248232092469e+01 5.949890962814250628e+01 5.104560570531792296e-02
1.695569206266806717e+01 2.212101139191722865e+01 6.092329654541469353e+01 5.501455003478065986e-02
1.969851547963674676e+01 2.234046679000682545e+01 5.796101773035642424e+01 5.123879372908630991e-02
1.859649053050337741e+01 2.195277861536864705e+01 5.945073085412796843e+01 5.330530871785013614e-02
1.971491960740315363e+01 2.000268057587632597e+01 6.028239981672051329e+01 5.285776589334434394e-02
1.915814448175926543e+01 2.152309793749371281e+01 5.931875758074701110e+01 5.340076603568551239e-02
1.673513483512136091e+01 2.255454998941089784e+01 6.071031517546774126e+01 5.776726613974347141e-02
1.936668462297951976e+01 2.131576102616746482e+01 5.931755435085301542e+01 4.961831683716655395e-02
1.809392334460222074e+01 2.110348213637119130e+01 6.080259451902659151e+01 5.166783863574840596e-02
1.939050439807493476e+01 1.913586077617405223e+01 6.147363482575101301e+01 5.096116192955981589e-02
1.837126261144109307e+01 2.093819970028166111e+01 6.069053768827723871e+01 5.150948477713510054e-02
1.548392393032453640e+01 2.172667601921315139e+01 6.278940005046231931e+01 5.548632973480720210e-02
1.920474681913440662e+01 2.023705366497049951e+01 6.055819951589509742e+01 4.972725182435992763e-02
1.811475525941383680e+01 2.000602778109026048e+01 6.187921695949590628e+01 5.162044606143750825e-02
1.915172120126983657e+01 1.837402031027996330e+01 6.247425848845020369e+01 5.167803769720490797e-02
1.860838127886433924e+01 1.967078305522401394e+01 6.172083566591164328e+01 5.175834179768599302e-02
1.634171758100304928e+01 2.038160775401819791e+01 6.327667466497875637e+01 5.551647509966372435e-02
1.932748289090482174e+01 2.183456668633735376e+01 5.883795042275782095e+01 4.795512774329629274e-02
1.792777325481034723e+01 2.201333932870873156e+01 6.005888741648092122e+01 4.959590730943119752e-02
1.937839040300880811e+01 1.967209303342114879e+01 6.094951656357005021e+01 4.983339118519140853e-02
1.874725186926465170e+01 2.119271403609717197e+01 6.006003409463816922e+01 5.020148511352784393e-02
1.627496066532929930e+01 2.206282041231781577e+01 6.166221892235289204e+01 5.445937429781466665e-02
1.991361296852106477e+01 2.195529798766269991e+01 5.813108904381623177e+01 5.083277230311201988e-02
1.869481603530158509e+01 2.183238180569664522e+01 5.947280215900177325e+01 5.283824189003876598e-02
1.978634180808744603e+01 1.992831091844481506e+01 6.028534727346773536e+01 5.242535785262036896e-02
1.916014264849451720e+01 2.155236575786349462e+01 5.928749159364199528e+01 5.261480307822565677e-02
1.672721324448239955e+01 2.245249795427164230e+01 6.082028880124595815e+01 5.706222714465004203e-02
1.952344333686640354e+01 2.115582208024315136e+01 5.932073458289043799e+01 4.919076319857437762e-02
1.842427260688390334e+01 2.112711489090641592e+01 6.044861250220968429e+01 5.118423775322401836e-02
1.949500078164437511e+01 1.910275402529942568e+01 6.140224519305618855e+01 5.050967815861357596e-02
1.850867838234480445e+01 2.076488120463246645e+01 6.072644041302272200e+01 5.069671761785874559e-02
1.579239916146877576e+01 2.291061488817362601e+01 6.129698595035759467e+01 5.475366838906191996e-02
1.934023424093011556e+01 2.009915254687053121e+01 6.056061321219934968e+01 4.933542048230119687e-02
1.820527350317265203e+01 1.994137060391489769e+01 6.185335589291244673e+01 5.117003571489842084e-02
1.925025253515806867e+01 1.819083983534446247e+01 6.255890762949746886e+01 5.126541325920354331e-02
1.861505001626446898e+01 1.968423817951640586e+01 6.170071180421911095e+01 5.098984573045070579e-02
1.636882852274643341e+01 2.046324883822356711e+01 6.316792263902998883e+01 5.482746826740220875e-02
1.949259907820482240e+01 2.164180779724140180e+01 5.886559312455376869e+01 4.754801513823957160e-02
1.828413873000376810e+01 2.166940887140027883e+01 6.004645239859595307e+01 4.911773816913197338e-02
1.947838151538709539e+01 1.957896905837827362e+01 6.094264942623463810e+01 4.939566677630125718e-02
1.867667190432560531e+01 2.127873432074934357e+01 6.004459377492504757e+01 4.938960766590918400e-02
