6.451120409857315963e+01 2.163699697669004607e+01 1.385179892473679963e+01 3.799999999999999906e-02
6.454876287630372644e+01 2.133467680246042519e+01 1.411656032123585192e+01 3.799999999999999906e-02
6.310738825881669101e+01 2.253548380008888685e+01 1.435712794109441326e+01 3.799999999999999906e-02
6.564450166399794284e+01 1.925748299885658099e+01 1.509801533714547617e+01 3.799999999999999906e-02
6.337078022663862953e+01 2.298542991760703913e+01 1.364378985575433667e+01 3.799999999999999906e-02
6.489106500128754362e+01 2.083067424389074418e+01 1.427826075482169799e+01 3.799999999999999906e-02
6.361689645439961538e+01 2.147670944754750622e+01 1.490639409805288551e+01 3.799999999999999906e-02
6.212218109674385857e+01 2.269705783242553210e+01 1.518076107083060222e+01 3.799999999999999906e-02
6.546789776416824225e+01 1.876837058300522898e+01 1.576373165282651634e+01 3.799999999999999906e-02
6.311027336191095571e+01 2.266380590827608543e+01 1.422592072981296596e+01 3.799999999999999906e-02
6.359142330167521351e+01 2.102940862337865724e+01 1.537916807494614169e+01 3.799999999999999906e-02
6.293354734363149561e+01 2.114588688463328836e+01 1.592056577173521958e+01 3.799999999999999906e-02
6.152746982731024872e+01 2.235134225275597331e+01 1.612118791993377442e+01 3.799999999999999906e-02
6.456068126212113611e+01 1.862389471467636781e+01 1.681542402320249607e+01 3.799999999999999906e-02
6.177427699327414956e+01 2.281068805450487602e+01 1.541503495222097264e+01 3.799999999999999906e-02
6.493911686428835139e+01 2.094968886572010902e+01 1.411119426999155202e+01 3.799999999999999906e-02
6.467622651114341181e+01 2.080114500848517167e+01 1.452262848037142007e+01 3.799999999999999906e-02
6.327937696664901068e+01 2.196972314797287495e+01 1.475089988537810548e+01 3.799999999999999906e-02
6.514239913542142801e+01 1.917695775126627922e+01 1.568064311331230698e+01 3.799999999999999906e-02
6.296467306587765478e+01 2.264587169493620777e+01 1.438945523918613922e+01 3.799999999999999906e-02
6.712672409196784429e+01 1.890317218961806489e+01 1.397010371841408194e+01 3.799999999999999906e-02
6.655864995941870177e+01 1.890990857232833733e+01 1.453144146825295202e+01 3.799999999999999906e-02
6.461292839450324266e+01 2.035597014104494917e+01 1.503110146445182416e+01 3.799999999999999906e-02
6.736957727198753787e+01 1.707300454555307923e+01 1.555741818245938646e+01 3.799999999999999906e-02
6.558951058440241866e+01 2.041531013393175442e+01 1.399517928166582692e+01 3.799999999999999906e-02
6.609990812352029366e+01 1.903051906931592185e+01 1.486957280716376495e+01 3.799999999999999906e-02
6.552361443165023047e+01 1.908735554158563374e+01 1.538903002676415355e+01 3.799999999999999906e-02
6.418387453007179033e+01 2.009222550355438131e+01 1.572389996637383369e+01 3.799999999999999906e-02
6.696866507178663142e+01 1.678162406924865735e+01 1.624971085896472189e+01 3.799999999999999906e-02
6.438241840082984879e+01 2.064157084157519861e+01 1.497601075759495259e+01 3.799999999999999906e-02
6.571936052171403730e+01 1.858424429396614741e+01 1.569639518431982061e+01 3.799999999999999906e-02
6.478185016657006656e+01 1.881495287933261551e+01 1.640319695409731438e+01 3.799999999999999906e-02
6.352992740796717897e+01 1.982911759914316718e+01 1.664095499288965030e+01 3.799999999999999906e-02
6.634740938706740110e+01 1.647196322676585822e+01 1.718062738616673002e+01 3.799999999999999906e-02
6.380031406405898053e+01 2.033342049758583769e+01 1.586626543835517111e+01 3.799999999999999906e-02
6.644077332926784152e+01 1.892534617145519960e+01 1.463388049927695711e+01 3.799999999999999906e-02
6.542690643661238425e+01 1.923207742197182313e+01 1.534101614141578551e+01 3.799999999999999906e-02
6.405066936210060646e+01 2.027067827799136168e+01 1.567865235990803008e+01 3.799999999999999906e-02
6.684910403260583678e+01 1.699203437456612420e+01 1.615886159282803547e+01 3.799999999999999906e-02
6.422128850439311520e+01 2.087784474955408598e+01 1.490086674605279349e+01 3.799999999999999906e-02
6.630873182515149722e+01 1.993349910595981811e+01 1.375776906888867934e+01 3.799999999999999906e-02
6.559775208178157868e+01 2.019647048932670330e+01 1.420577742889173223e+01 3.799999999999999906e-02
6.429194993391269008e+01 2.115734739353514371e+01 1.455070267255216798e+01 3.799999999999999906e-02
6.661369819061205533e+01 1.811558402957053815e+01 1.527071777981741540e+01 3.799999999999999906e-02
6.511176341766592657e+01 2.081998432793777809e+01 1.406825225439629179e+01 3.799999999999999906e-02
6.555270496322977181e+01 1.989173670671797822e+01 1.455555833005226063e+01 3.799999999999999906e-02
6.469953824792469277e+01 2.023484709841117990e+01 1.506561465366413088e+01 3.799999999999999906e-02
6.323768185448967927e+01 2.140293103575589129e+01 1.535938710975444366e+01 3.799999999999999906e-02
6.625087926910235581e+01 1.779475073125652074e+01 1.595436999964111990e+01 3.799999999999999906e-02
6.355559800033525164e+01 2.180336357381287726e+01 1.464103842585187287e+01 3.799999999999999906e-02
6.478191424317918745e+01 1.973681231608804509e+01 1.548127344073276923e+01 3.799999999999999906e-02
6.404720704054622615e+01 1.989332554691134192e+01 1.605946741254242127e+01 3.799999999999999906e-02
6.256760407472807373e+01 2.109553169564433617e+01 1.633686422962758655e+01 3.799999999999999906e-02
6.556782141796747965e+01 1.751561301458229991e+01 1.691656556745022399e+01 3.799999999999999906e-02
6.294596513352830414e+01 2.149698287334035385e+01 1.555705199313135445e+01 3.799999999999999906e-02
6.529290089328287650e+01 2.025770522855510691e+01 1.444939387816201126e+01 3.799999999999999906e-02
6.455206191675792127e+01 2.043547160413617547e+01 1.501246647910590859e+01 3.799999999999999906e-02
6.315004485487352071e+01 2.158150721128583882e+01 1.526844793384062804e+01 3.799999999999999906e-02
6.610185978588823730e+01 1.803534306749205740e+01 1.586279714661970530e+01 3.799999999999999906e-02
6.416537068617391526e+01 2.141689912534911144e+01 1.441773018847697685e+01 3.799999999999999906e-02
6.580393690214027913e+01 2.019805286555299872e+01 1.399801023230671504e+01 3.799999999999999906e-02
6.511972631146569768e+01 2.034978079407465401e+01 1.453049289445963232e+01 3.799999999999999906e-02
6.363310107697195406e+01 2.156227553706438016e+01 1.480462338596366756e+01 3.799999999999999906e-02
6.621737909790161325e+01 1.834057134474342732e+01 1.544204955735495943e+01 3.799999999999999906e-02
6.380731972600510460e+01 2.214619152707088290e+01 1.404648874692400540e+01 3.799999999999999906e-02
6.480720526286671657e+01 2.038984314409835008e+01 1.480295159303492802e+01 3.799999999999999906e-02
6.420447447367810412e+01 2.048367815537609005e+01 1.531184737094580761e+01 3.799999999999999906e-02
6.266942867294291375e+01 2.170546642762533907e+01 1.562510489943173830e+01 3.799999999999999906e-02
6.585858439399029862e+01 1.798622162398993396e+01 1.615519398201977097e+01 3.799999999999999906e-02
6.298015982720748696e+01 2.212469589267561432e+01 1.489514428011690050e+01 3.799999999999999906e-02
6.422348063932240336e+01 2.009921734351070910e+01 1.567730201716689287e+01 3.799999999999999906e-02
6.353045614757536441e+01 2.015238456342400397e+01 1.631715928900062096e+01 3.799999999999999906e-02
6.209500483579660823e+01 2.134144853467676128e+01 1.656354662952661982e+01 3.799999999999999906e-02
6.515777749015059328e+01 1.768953548359385053e+01 1.715268702625554909e+01 3.799999999999999906e-02
6.235552112762429289e+01 2.180710861547574453e+01 1.583737025689996258e+01 3.799999999999999906e-02
6.465246530854193452e+01 2.063826993373452012e+01 1.470926475772353648e+01 3.799999999999999906e-02
6.401000825559358987e+01 2.073143763474026002e+01 1.525855410966615189e+01 3.799999999999999906e-02
6.257102648507180476e+01 2.188711713204920883e+01 1.554185638287899707e+01 3.799999999999999906e-02
6.569019117622406156e+01 1.826282207310308792e+01 1.604698675067284697e+01 3.799999999999999906e-02
6.345906760919241663e+01 2.192169113097893174e+01 1.461924125982866585e+01 3.799999999999999906e-02
6.581853949115168234e+01 2.012669651278691063e+01 1.405476399606142657e+01 3.799999999999999906e-02
6.550589700805542748e+01 1.984884022972025974e+01 1.464526276222431633e+01 3.799999999999999906e-02
6.389254657578587882e+01 2.120041461246105996e+01 1.490703881175305945e+01 3.799999999999999906e-02
6.617001017120077222e+01 1.823238812790006591e+01 1.559760170089916720e+01 3.799999999999999906e-02
6.399514716739215459e+01 2.180197955635088647e+01 1.420287327625695184e+01 3.799999999999999906e-02
6.514854876353643931e+01 2.007221801535742145e+01 1.477923322110613036e+01 3.799999999999999906e-02
6.441075479566005413e+01 2.019855753288123523e+01 1.539068767145872485e+01 3.799999999999999906e-02
6.281017998500809085e+01 2.148650179357698065e+01 1.570331822141493561e+01 3.799999999999999906e-02
6.577806806299830100e+01 1.792087877536138052e+01 1.630105316164031493e+01 3.799999999999999906e-02
6.303621614093562897e+01 2.194402763093086861e+01 1.501975622813350775e+01 3.799999999999999906e-02
6.419484426528384802e+01 1.994822299854888925e+01 1.585693273616727517e+01 3.799999999999999906e-02
6.349541845054400824e+01 2.005820254015414505e+01 1.644637900930183960e+01 3.799999999999999906e-02
6.205334088221178490e+01 2.119026893403504985e+01 1.675639018375316169e+01 3.799999999999999906e-02
6.509243990377085254e+01 1.763198232919146236e+01 1.727557776703769932e+01 3.799999999999999906e-02
6.240092387436463639e+01 2.162919530817326219e+01 1.596988081746210142e+01 3.799999999999999906e-02
6.492996217779364088e+01 2.031040440363774735e+01 1.475963341856859756e+01 3.799999999999999906e-02
6.416009176269996317e+01 2.050442308930996305e+01 1.533548514799006846e+01 3.799999999999999906e-02
6.277680307297094231e+01 2.162345390000248457e+01 1.559974302702657667e+01 3.799999999999999906e-02
6.570237747144672369e+01 1.814921486347723345e+01 1.614840766507604286e+01 3.799999999999999906e-02
6.376579036460836392e+01 2.141233624125980839e+01 1.482187339413182237e+01 3.799999999999999906e-02
6.794155694657526112e+01 1.897566728692432392e+01 1.308277576650041141e+01 3.799999999999999906e-02
6.739468890454762118e+01 1.900411110791812064e+01 1.360119998753424397e+01 3.799999999999999906e-02
6.617189456187918495e+01 2.000165292932333472e+01 1.382645250879747501e+01 3.799999999999999906e-02
6.776279401639637001e+01 1.762740387652220875e+01 1.460980210708142835e+01 3.799999999999999906e-02
6.570539274482291603e+01 2.130505407960415454e+01 1.298955317557292766e+01 3.799999999999999906e-02
6.714455786213383703e+01 1.930441479853280384e+01 1.355102733933336978e+01 3.799999999999999906e-02
6.581658050048530129e+01 1.986728141409696846e+01 1.431613808541772137e+01 3.799999999999999906e-02
6.506032349936062076e+01 2.056386727300110451e+01 1.437580922763827651e+01 3.799999999999999906e-02
6.730740740207028239e+01 1.741926286288055081e+01 1.527332973504915792e+01 3.799999999999999906e-02
6.510241271642483696e+01 2.104003087128942084e+01 1.385755641228575286e+01 3.799999999999999906e-02
6.592976108991760498e+01 1.932766762531477056e+01 1.474257128476763334e+01 3.799999999999999906e-02
6.511380378286067128e+01 1.955877991942666938e+01 1.532741629771266467e+01 3.799999999999999906e-02
6.367961719450932634e+01 2.078249417111834774e+01 1.553788863437234191e+01 3.799999999999999906e-02
6.662593758315415471e+01 1.711566275381431268e+01 1.625839966303153261e+01 3.799999999999999906e-02
6.385990191643546154e+01 2.129612243047433395e+01 1.484397565309019917e+01 3.799999999999999906e-02
6.686171413352064974e+01 1.956384588060590346e+01 1.357443998587345924e+01 3.799999999999999906e-02
6.624373117569936653e+01 1.974828879743976984e+01 1.400798002686087074e+01 3.799999999999999906e-02
6.464208320617602510e+01 2.097290901677897068e+01 1.438500777704500777e+01 3.799999999999999906e-02
6.714000740162458669e+01 1.768339159168232655e+01 1.517660100669307965e+01 3.799999999999999906e-02
6.481612549594491668e+01 2.146077135848002726e+01 1.372310314557504007e+01 3.799999999999999906e-02
6.918347521752856721e+01 1.741529665531719573e+01 1.340122812715424061e+01 3.799999999999999906e-02
6.867132036099803827e+01 1.752346347192651876e+01 1.380521616707544119e+01 3.799999999999999906e-02
6.715588189149349319e+01 1.862079506083565761e+01 1.422332304767083500e+01 3.799999999999999906e-02
7.006843871715624061e+01 1.507068883678863891e+01 1.486087244605511160e+01 3.799999999999999906e-02
6.707543422371070108e+01 1.933539132842853903e+01 1.358917444786075457e+01 3.799999999999999906e-02
6.897007717909353630e+01 1.705819223551382180e+01 1.397173058539263657e+01 3.799999999999999906e-02
6.836890352116587621e+01 1.694441217574015468e+01 1.468668430309396200e+01 3.799999999999999906e-02
6.616001789917821441e+01 1.877582487683112689e+01 1.506415722399065515e+01 3.799999999999999906e-02
6.899533992229034141e+01 1.538253468983467620e+01 1.562212538787498417e+01 3.799999999999999906e-02
6.713230181626408921e+01 1.861034106678485855e+01 1.425735711695104335e+01 3.799999999999999906e-02
6.779251157613914813e+01 1.708231496135634231e+01 1.512517346250450956e+01 3.799999999999999906e-02
6.724751146344955544e+01 1.715908137200293027e+01 1.559340716454750542e+01 3.799999999999999906e-02
6.547879615651521590e+01 1.847291335199242468e+01 1.604829049149238074e+01 3.799999999999999906e-02
6.836470819006450483e+01 1.508703394185310209e+01 1.654825786808239485e+01 3.799999999999999906e-02
6.577794922837456681e+01 1.894165187839693587e+01 1.528039889322850442e+01 3.799999999999999906e-02
6.883083758742523628e+01 1.727066922294252294e+01 1.389849318963224611e+01 3.799999999999999906e-02
6.809073035440358979e+01 1.722979170380185110e+01 1.467947794179455911e+01 3.799999999999999906e-02
6.599138248337365553e+01 1.899828953603636705e+01 1.501032798058998097e+01 3.799999999999999906e-02
6.888916969913933031e+01 1.558698710263343479e+01 1.552384319822724379e+01 3.799999999999999906e-02
6.716008194819788457e+01 1.891171082819122873e+01 1.392820722361089025e+01 3.799999999999999906e-02
6.861832939589660896e+01 1.832867155246903934e+01 1.305299905163434104e+01 3.799999999999999906e-02
6.808934057912814808e+01 1.846353459464561553e+01 1.344712482622625060e+01 3.799999999999999906e-02
6.681310465240923691e+01 1.926525375305698518e+01 1.392164159453378147e+01 3.799999999999999906e-02
6.932497548243395613e+01 1.628507698174085405e+01 1.438994753582518804e+01 3.799999999999999906e-02
6.705612780528744565e+01 1.961834136707941312e+01 1.332553082763314301e+01 3.799999999999999906e-02
6.796352324901923225e+01 1.813946502286607654e+01 1.389701172811470542e+01 3.799999999999999906e-02
6.716462038966814418e+01 1.833933713367126472e+01 1.449604247666059464e+01 3.799999999999999906e-02
6.565678525292342727e+01 1.970221629490862725e+01 1.464099845216794726e+01 3.799999999999999906e-02
6.849415813826068700e+01 1.614629166071093636e+01 1.535955020102838731e+01 3.799999999999999906e-02
6.611175226064106880e+01 2.004048302592409669e+01 1.384776471343483450e+01 3.799999999999999906e-02
6.715092573997574732e+01 1.806239032630793062e+01 1.478668393371632384e+01 3.799999999999999906e-02
6.626679165258680371e+01 1.828216154249358638e+01 1.545104680491960636e+01 3.799999999999999906e-02
6.472664284494410936e+01 1.955236893651916574e+01 1.572098821853670181e+01 3.799999999999999906e-02
6.772692206655220559e+01 1.601162243574384192e+01 1.626145549770395604e+01 3.799999999999999906e-02
6.516682756812600985e+01 1.992660880279547797e+01 1.490656362907850863e+01 3.799999999999999906e-02
6.843291768378458073e+01 1.807805559536291184e+01 1.348902672085251631e+01 3.799999999999999906e-02
6.714380833533654425e+01 1.864424901989689332e+01 1.421194264476654645e+01 3.799999999999999906e-02
6.621328583134449275e+01 1.938279096285400982e+01 1.440392320580149388e+01 3.799999999999999906e-02
6.850172560171935743e+01 1.623286861249861701e+01 1.526540578578202556e+01 3.799999999999999906e-02
6.602888031233348443e+01 2.017775146283966237e+01 1.379336822482683012e+01 3.799999999999999906e-02
6.825550098131769516e+01 1.829058924380403539e+01 1.345390977487826767e+01 3.799999999999999906e-02
6.721652486155684869e+01 1.894949969048127159e+01 1.383397544796188150e+01 3.799999999999999906e-02
6.582359266917758589e+01 1.993903820539375360e+01 1.423736912542866762e+01 3.799999999999999906e-02
6.912951230476325293e+01 1.638145979103923366e+01 1.448902790419751341e+01 3.799999999999999906e-02
6.664508542455112661e+01 1.984722914011383921e+01 1.350768543533502886e+01 3.799999999999999906e-02
6.729495619644443138e+01 1.859566708395624701e+01 1.410937671959932693e+01 3.799999999999999906e-02
6.677454794163327279e+01 1.862674169710900074e+01 1.459871036125771759e+01 3.799999999999999906e-02
6.495373532376773085e+01 2.010197496072744627e+01 1.494428971550482288e+01 3.799999999999999906e-02
6.787561769025636238e+01 1.654977036742583607e+01 1.557461194231780865e+01 3.799999999999999906e-02
6.554449580980865164e+01 2.035746028875918512e+01 1.409804390143217034e+01 3.799999999999999906e-02
6.646789380627735966e+01 1.846106664611768622e+01 1.507103954760495945e+01 3.799999999999999906e-02
6.587743761855887215e+01 1.847481035759872015e+01 1.564775202384241837e+01 3.799999999999999906e-02
6.418513107353848568e+01 1.981666718390249926e+01 1.599820174255903460e+01 3.799999999999999906e-02
6.726126665779972313e+01 1.624649757682029616e+01 1.649223576537997360e+01 3.799999999999999906e-02
6.445160586104344702e+01 2.032421333644238004e+01 1.522418080251418893e+01 3.799999999999999906e-02
6.711954364957655628e+01 1.875949188700057135e+01 1.412096446342287415e+01 3.799999999999999906e-02
6.627546246741718505e+01 1.911993760005355725e+01 1.460459993252926836e+01 3.799999999999999906e-02
6.470754298699884544e+01 2.034047181805027549e+01 1.495198519495087375e+01 3.799999999999999906e-02
6.768816380122036946e+01 1.680809061151783013e+01 1.550374558726180041e+01 3.799999999999999906e-02
6.544514173593033490e+01 2.055336180861889517e+01 1.400149645545077703e+01 3.799999999999999906e-02
6.792577254268196896e+01 1.862270067200277168e+01 1.345152678531526291e+01 3.799999999999999906e-02
6.785378060047716531e+01 1.841020003138424244e+01 1.373601936813857982e+01 3.799999999999999906e-02
6.576993657355367873e+01 1.997208287495367074e+01 1.425798055149264876e+01 3.799999999999999906e-02
6.925555180774270525e+01 1.619266467274244548e+01 1.455178351951485283e+01 3.799999999999999906e-02
6.666711131006911728e+01 1.959796067776224504e+01 1.373492801216865367e+01 3.799999999999999906e-02
6.747078844264183317e+01 1.831030024016779478e+01 1.421891131719038448e+01 3.799999999999999906e-02
6.656176643918162483e+01 1.871567415041122828e+01 1.472255941040714333e+01 3.799999999999999906e-02
6.492018763162769801e+01 1.996208770210864714e+01 1.511772466626366018e+01 3.799999999999999906e-02
6.784538256274520052e+01 1.646485284312279518e+01 1.568976459413200963e+01 3.799999999999999906e-02
6.522809337897365367e+01 2.040648636878312416e+01 1.436542025224322394e+01 3.799999999999999906e-02
6.664524242769067541e+01 1.820933495390113066e+01 1.514542261840820103e+01 3.799999999999999906e-02
6.567939310475965442e+01 1.850630111144047163e+01 1.581430578379986329e+01 3.799999999999999906e-02
6.425495627399871523e+01 1.963056222694631714e+01 1.611448149905497473e+01 3.799999999999999906e-02
6.728901580936779681e+01 1.610480463514424443e+01 1.660617955548795166e+01 3.799999999999999906e-02
6.456397430251942637e+01 2.014303036406324665e+01 1.529299533341732165e+01 3.799999999999999906e-02
6.705226703041256542e+01 1.876078860839997020e+01 1.418694436118747149e+01 3.799999999999999906e-02
6.633473505195546238e+01 1.891062015407922203e+01 1.475464479396530848e+01 3.799999999999999906e-02
6.472585000177394932e+01 2.020655477227893471e+01 1.506759522594711420e+01 3.799999999999999906e-02
6.878071869387324000e+01 1.571544996175624043e+01 1.550383134437051069e+01 3.799999999999999906e-02
6.551321763173048396e+01 2.035840917789459326e+01 1.412837319037491746e+01 3.799999999999999906e-02
7.005780315137496927e+01 1.613358560401985287e+01 1.380861124460517431e+01 3.799999999999999906e-02
6.961649115815339428e+01 1.629972189785706860e+01 1.408378694398952291e+01 3.799999999999999906e-02
6.798901004888941202e+01 1.765436021952101697e+01 1.435662973158957278e+01 3.799999999999999906e-02
7.092182127518381662e+01 1.396288767205376224e+01 1.511529105276242646e+01 3.799999999999999906e-02
6.824377686772943719e+01 1.802934244355271787e+01 1.372688068871785561e+01 3.799999999999999906e-02
6.975251560946153973e+01 1.594546155787945807e+01 1.430202283265900043e+01 3.799999999999999906e-02
6.905276517517876300e+01 1.618632593058104163e+01 1.476090889424020425e+01 3.799999999999999906e-02
6.786953063004706621e+01 1.708899954464459370e+01 1.504146982530834897e+01 3.799999999999999906e-02
7.048984861499035048e+01 1.389825207613436042e+01 1.561189930887527844e+01 3.799999999999999906e-02
6.774901184622561345e+01 1.786331936623117755e+01 1.438766878754321255e+01 3.799999999999999906e-02
6.883184789008112148e+01 1.572656496495961242e+01 1.544158714495926432e+01 3.799999999999999906e-02
6.844089313449286749e+01 1.574600878603453857e+01 1.581309807947259394e+01 3.799999999999999906e-02
6.662001856977552450e+01 1.714199090610760479e+01 1.623799052411686361e+01 3.799999999999999906e-02
6.974937710432155313e+01 1.338596589195999798e+01 1.686465700371844179e+01 3.799999999999999906e-02
6.687260367753722790e+01 1.769969697883255577e+01 1.542769934363021456e+01 3.799999999999999906e-02
6.953496979562002878e+01 1.613731126461693322e+01 1.432771893976303978e+01 3.799999999999999906e-02
6.880017800941577377e+01 1.619959209629791275e+01 1.500022989428632414e+01 3.799999999999999906e-02
6.756383267257155012e+01 1.740427062348393505e+01 1.503189670394450772e+01 3.799999999999999906e-02
7.002593635672688777e+01 1.420556338205189029e+01 1.576850026122119708e+01 3.799999999999999906e-02
6.770821086810032341e+01 1.804205048460848815e+01 1.424973864729120798e+01 3.799999999999999906e-02
7.148982002618589604e+01 1.428742049589764740e+01 1.422275947791645656e+01 3.799999999999999906e-02
7.081232725299031472e+01 1.438740087373747123e+01 1.480027187327219451e+01 3.799999999999999906e-02
6.980537847921706884e+01 1.553927365994469945e+01 1.465534786083823882e+01 3.799999999999999906e-02
7.222800544885372176e+01 1.239251149578005418e+01 1.537948305536623117e+01 3.799999999999999906e-02
6.984416389884528087e+01 1.601775161762601130e+01 1.413808448352869718e+01 3.799999999999999906e-02
7.104289277222231647e+01 1.407595722893036339e+01 1.488114999884731660e+01 3.799999999999999906e-02
7.096460525410483910e+01 1.403669779414567742e+01 1.499869695174948703e+01 3.799999999999999906e-02
6.893221423944478943e+01 1.528683899195208440e+01 1.578094676860312795e+01 3.799999999999999906e-02
7.161454802196402625e+01 1.225826092422282088e+01 1.612719105381314577e+01 3.799999999999999906e-02
6.914944922320536591e+01 1.573432115360864714e+01 1.511622962318598340e+01 3.799999999999999906e-02
7.051215045277891136e+01 1.360142088021878592e+01 1.588642866700230094e+01 3.799999999999999906e-02
6.987809565696163361e+01 1.358535006859957406e+01 1.653655427443878168e+01 3.799999999999999906e-02
6.820052544393982430e+01 1.502219972200498788e+01 1.677727483405517006e+01 3.799999999999999906e-02
7.053496927951070461e+01 1.224982937358780788e+01 1.721520134690149106e+01 3.799999999999999906e-02
6.866692780985552247e+01 1.521595160920220202e+01 1.611712058094228084e+01 3.799999999999999906e-02
7.107951485577494566e+01 1.419484277170271191e+01 1.472564237252235309e+01 3.799999999999999906e-02
7.019548142091029774e+01 1.442411840056717764e+01 1.538040017852252817e+01 3.799999999999999906e-02
6.900185972578179872e+01 1.542164163080092543e+01 1.557649864341727763e+01 3.799999999999999906e-02
7.157382239181275452e+01 1.243325522594409982e+01 1.599292238224313856e+01 3.799999999999999906e-02
6.919985919005605979e+01 1.601781690502176758e+01 1.478232390492216197e+01 3.799999999999999906e-02
7.109728251651129938e+01 1.514571976254464047e+01 1.375699772094404771e+01 3.799999999999999906e-02
7.011717759753383916e+01 1.530960915282936519e+01 1.457321324963680986e+01 3.799999999999999906e-02
6.878442598541381869e+01 1.656915115158654572e+01 1.464642286299962670e+01 3.799999999999999906e-02
7.183150998091620920e+01 1.320390783597565942e+01 1.496458218310812782e+01 3.799999999999999906e-02
6.899665140684361120e+01 1.709972928944566561e+01 1.390361930371072674e+01 3.799999999999999906e-02
7.087641366173781421e+01 1.475891764530462602e+01 1.436466869295756510e+01 3.799999999999999906e-02
7.012529302744441395e+01 1.500459534139447193e+01 1.487011163116111412e+01 3.799999999999999906e-02
6.826600486519923550e+01 1.631717308849227166e+01 1.541682204630848929e+01 3.799999999999999906e-02
7.123000428810534856e+01 1.290132881987168645e+01 1.586866689202294367e+01 3.799999999999999906e-02
6.878669698589858683e+01 1.674833325471636059e+01 1.446496975938505791e+01 3.799999999999999906e-02
6.993018646247656989e+01 1.448699143657289312e+01 1.558282210095053344e+01 3.799999999999999906e-02
6.915805276907214250e+01 1.457046004401020411e+01 1.627148718691764273e+01 3.799999999999999906e-02
6.782723583566792058e+01 1.575733131582347646e+01 1.641543284850861539e+01 3.799999999999999906e-02
7.023092319133583317e+01 1.281840124892561406e+01 1.695067555973856344e+01 3.799999999999999906e-02
6.800750635592298465e+01 1.636492779293851640e+01 1.562756585113849539e+01 3.799999999999999906e-02
7.075487606932618689e+01 1.492315031855826923e+01 1.432197361211553321e+01 3.799999999999999906e-02
6.974657477979489784e+01 1.528783496908133976e+01 1.496559025112374286e+01 3.799999999999999906e-02
6.821315441354160214e+01 1.656587720675530306e+01 1.522096837970308947e+01 3.799999999999999906e-02
7.123403656517807292e+01 1.305395060688669950e+01 1.571201282793521870e+01 3.799999999999999906e-02
6.836766587680288865e+01 1.689276236796156283e+01 1.473957175523555030e+01 3.799999999999999906e-02
7.075491585563941044e+01 1.539169018584693482e+01 1.385339395851364586e+01 3.799999999999999906e-02
6.987841668616853497e+01 1.553392636226583789e+01 1.458765695156563602e+01 3.799999999999999906e-02
6.839379968619986983e+01 1.689619412646649721e+01 1.471000618733362408e+01 3.799999999999999906e-02
7.141784046162719335e+01 1.333477289552278933e+01 1.524738664284999956e+01 3.799999999999999906e-02
6.848731792106470095e+01 1.737764497561310506e+01 1.413503710332219043e+01 3.799999999999999906e-02
7.011917583909472285e+01 1.528001182380422485e+01 1.460081233710105408e+01 3.799999999999999906e-02
6.935530704785975331e+01 1.548886681045552827e+01 1.515582614168472553e+01 3.799999999999999906e-02
6.808008303789533500e+01 1.657632527122525801e+01 1.534359169087941943e+01 3.799999999999999906e-02
7.132285474187986551e+01 1.300631586285568631e+01 1.567082939526443930e+01 3.799999999999999906e-02
6.801156932851434078e+01 1.719016534702206300e+01 1.479826532446361398e+01 3.799999999999999906e-02
6.937339480504290634e+01 1.488565267139735404e+01 1.574095252355972896e+01 3.799999999999999906e-02
6.892142241749129994e+01 1.496105021474703989e+01 1.611752736776165307e+01 3.799999999999999906e-02
6.730912464803969897e+01 1.604322202680885567e+01 1.664765332515144891e+01 3.799999999999999906e-02
6.970444727746775015e+01 1.302158511597905033e+01 1.727396760655321728e+01 3.799999999999999906e-02
6.738370900854357615e+01 1.669439502483679405e+01 1.592189596661962803e+01 3.799999999999999906e-02
7.053622050864875348e+01 1.512629855657797862e+01 1.433748093477327679e+01 3.799999999999999906e-02
6.918877943136710940e+01 1.569922870987866759e+01 1.511199185875421769e+01 3.799999999999999906e-02
6.790240058641529686e+01 1.682771288592863357e+01 1.526988652765607313e+01 3.799999999999999906e-02
7.131320852832591584e+01 1.323215018678048516e+01 1.545464128489360611e+01 3.799999999999999906e-02
6.805135988062880870e+01 1.716268417482932307e+01 1.478595594454185935e+01 3.799999999999999906e-02
7.041523435142507026e+01 1.517310189406883225e+01 1.441166375450609216e+01 3.799999999999999906e-02
7.031418833680875480e+01 1.539685917514099778e+01 1.428895248805023854e+01 3.799999999999999906e-02
6.840319495409458739e+01 1.677144668880956146e+01 1.482535835709585648e+01 3.799999999999999906e-02
7.122008286893866114e+01 1.330385484049566180e+01 1.547606229056568949e+01 3.799999999999999906e-02
6.862423716175992183e+01 1.718486893401363247e+01 1.419089390422643326e+01 3.799999999999999906e-02
6.986956745382177303e+01 1.512735928133121455e+01 1.500307326484699111e+01 3.799999999999999906e-02
6.927533794134896539e+01 1.528963587885068343e+01 1.543502617980034941e+01 3.799999999999999906e-02
6.813934373513735920e+01 1.640060305726412082e+01 1.546005320759852708e+01 3.799999999999999906e-02
7.174569089122479681e+01 1.272014104012633773e+01 1.553416806864886190e+01 3.799999999999999906e-02
6.827933558691023563e+01 1.693274996639943808e+01 1.478791444669031208e+01 3.799999999999999906e-02
6.934758759187667465e+01 1.469901787085945166e+01 1.595339453726386125e+01 3.799999999999999906e-02
6.859452416599675928e+01 1.483871557411917230e+01 1.656676025988406664e+01 3.799999999999999906e-02
6.762996001952618030e+01 1.572510786869198007e+01 1.664493211178184140e+01 3.799999999999999906e-02
6.972913085786289855e+01 1.303871494341450621e+01 1.723215419872259346e+01 3.799999999999999906e-02
6.762947425578357752e+01 1.653336583660901837e+01 1.583715990760740766e+01 3.799999999999999906e-02
6.987951677821570229e+01 1.536300276592807990e+01 1.475748045585621426e+01 3.799999999999999906e-02
6.927777824298287612e+01 1.558532505381195676e+01 1.513689670320517422e+01 3.799999999999999906e-02
6.770621934894531080e+01 1.672456873525377929e+01 1.556921191580090813e+01 3.799999999999999906e-02
7.111761518274855121e+01 1.321221721343820832e+01 1.567016760381322271e+01 3.799999999999999906e-02
6.819177724152240216e+01 1.699266257155882087e+01 1.481556018691876631e+01 3.799999999999999906e-02
6.881864364592540539e+01 1.700431230793509130e+01 1.417704404613949265e+01 3.799999999999999906e-02
6.809639667982337130e+01 1.705686088570668701e+01 1.484674243446994168e+01 3.799999999999999906e-02
6.658389112462960213e+01 1.838124859229834485e+01 1.503486028307205835e+01 3.799999999999999906e-02
6.876186088999450874e+01 1.528251796138543916e+01 1.595562114862004854e+01 3.799999999999999906e-02
6.715425699534317516e+01 1.859250840650025438e+01 1.425323459815657756e+01 3.799999999999999906e-02
6.780703728414808040e+01 1.706678673899809340e+01 1.512617597685382265e+01 3.799999999999999906e-02
6.734305453850592471e+01 1.710843801951172338e+01 1.554850744198233770e+01 3.799999999999999906e-02
6.557675820227026975e+01 1.853188005680328132e+01 1.589136174092644005e+01 3.799999999999999906e-02
6.843624725100738715e+01 1.482770144410549840e+01 1.673605130488711623e+01 3.799999999999999906e-02
6.608679459634856812e+01 1.880227489393893592e+01 1.511093050971249596e+01 3.799999999999999906e-02
6.692002800985071076e+01 1.686916695685073364e+01 1.621080503329856271e+01 3.799999999999999906e-02
6.629904462964273648e+01 1.699562675719072757e+01 1.670532861316653594e+01 3.799999999999999906e-02
6.469597565937033323e+01 1.829701858877426801e+01 1.700700575185540586e+01 3.799999999999999906e-02
6.758203398210891066e+01 1.470373355454561093e+01 1.771423246334546775e+01 3.799999999999999906e-02
6.490718718919292485e+01 1.883854099594132592e+01 1.625427181486575279e+01 3.799999999999999906e-02
6.833819799343893919e+01 1.678708726742068080e+01 1.487471473914037112e+01 3.799999999999999906e-02
6.704208613605118217e+01 1.743659123656804155e+01 1.552132262738077983e+01 3.799999999999999906e-02
6.612483561315151803e+01 1.804380841976633931e+01 1.583135596708213377e+01 3.799999999999999906e-02
6.820357227902134412e+01 1.519806251187676338e+01 1.659836520910188540e+01 3.799999999999999906e-02
6.657614683329660465e+01 1.850837963185330892e+01 1.491547353485007577e+01 3.799999999999999906e-02
7.009088263424156651e+01 1.515698001784632609e+01 1.475213734791210562e+01 3.799999999999999906e-02
6.967192000328249435e+01 1.521963908266782184e+01 1.510844091404968559e+01 3.799999999999999906e-02
6.805534500391671315e+01 1.649227641029062852e+01 1.545237858579265477e+01 3.799999999999999906e-02
7.157218438820522977e+01 1.285781573014038948e+01 1.556999988165437721e+01 3.799999999999999906e-02
6.842760050699945396e+01 1.692940430820542375e+01 1.464299518479512408e+01 3.799999999999999906e-02
6.981862457487034135e+01 1.468510083391010212e+01 1.549627459121954942e+01 3.799999999999999906e-02
6.924162866115759130e+01 1.478507308763131789e+01 1.597329825121108726e+01 3.799999999999999906e-02
6.805253229222165601e+01 1.586482825341655989e+01 1.608263945436178943e+01 3.799999999999999906e-02
7.063270646393856111e+01 1.246817189511751423e+01 1.689912164094392466e+01 3.799999999999999906e-02
6.791528602134859227e+01 1.657916971441573040e+01 1.550554426423567911e+01 3.799999999999999906e-02
6.856584246165786567e+01 1.492861816306216305e+01 1.650553937527996595e+01 3.799999999999999906e-02
6.793381624217592218e+01 1.502101483330898368e+01 1.704516892451511367e+01 3.799999999999999906e-02
6.650509579158921269e+01 1.616044981275633674e+01 1.733445439565446833e+01 3.799999999999999906e-02
6.938153171639393690e+01 1.254282063318902907e+01 1.807564765041703225e+01 3.799999999999999906e-02
6.704915527492838123e+01 1.645970276410474398e+01 1.649114196096687479e+01 3.799999999999999906e-02
6.975272096363889318e+01 1.491134069171047116e+01 1.533593834465064099e+01 3.799999999999999906e-02
6.916151705144000061e+01 1.502578049651247483e+01 1.581270245204751390e+01 3.799999999999999906e-02
6.766098662545535092e+01 1.623303914059361830e+01 1.610597423395103434e+01 3.799999999999999906e-02
7.010652082449566080e+01 1.295971549372021236e+01 1.693376368178411084e+01 3.799999999999999906e-02
6.773282226855133104e+01 1.677413763737222041e+01 1.549304009407644678e+01 3.799999999999999906e-02
6.962838991276406375e+01 1.600190368976671351e+01 1.436970639746921208e+01 3.799999999999999906e-02
6.890175166144160812e+01 1.618437827323800704e+01 1.491387006532039194e+01 3.799999999999999906e-02
6.728826087471277617e+01 1.743535027662193215e+01 1.527638884866530056e+01 3.799999999999999906e-02
7.001735406399006933e+01 1.385043743518974679e+01 1.613220850082016966e+01 3.799999999999999906e-02
6.792588702154468194e+01 1.778446831576389187e+01 1.428964466269142619e+01 3.799999999999999906e-02
6.904032231333151515e+01 1.560209562603387390e+01 1.535758206063461806e+01 3.799999999999999906e-02
6.833259533889726356e+01 1.587286541900510883e+01 1.579453924209762583e+01 3.799999999999999906e-02
6.675383918125712057e+01 1.722685587956659603e+01 1.601930493917627985e+01 3.799999999999999906e-02
6.964536901947829506e+01 1.348340615426030276e+01 1.687122482626138620e+01 3.799999999999999906e-02
6.736632473485109074e+01 1.756445826826925938e+01 1.506921699687964988e+01 3.799999999999999906e-02
6.908917600967448891e+01 1.502599873783093187e+01 1.588482525249458632e+01 3.799999999999999906e-02
6.726017436148026718e+01 1.594692601283109568e+01 1.679289962568862293e+01 3.799999999999999906e-02
6.583502525706890651e+01 1.712016258185224515e+01 1.704481216107885899e+01 3.799999999999999906e-02
6.878787809690857102e+01 1.355904447763187193e+01 1.765307742545954994e+01 3.799999999999999906e-02
6.657285907656016377e+01 1.735067710811578579e+01 1.607646381532404689e+01 3.799999999999999906e-02
6.940731006277110282e+01 1.579602545433772143e+01 1.479666448289117575e+01 3.799999999999999906e-02
6.831367939626794339e+01 1.609320110809964888e+01 1.559311949563240951e+01 3.799999999999999906e-02
6.681866285038880449e+01 1.736604002154142989e+01 1.581529712806976917e+01 3.799999999999999906e-02
7.003186147379638271e+01 1.366829243527272197e+01 1.629984609093090953e+01 3.799999999999999906e-02
6.685762289289552029e+01 1.794233793879449479e+01 1.520003916830998136e+01 3.799999999999999906e-02
6.899405041122707871e+01 1.643183846135811521e+01 1.457411112741480430e+01 3.799999999999999906e-02
6.831670676704325729e+01 1.657726152679177645e+01 1.510603170616498225e+01 3.799999999999999906e-02
6.709628438002874873e+01 1.754016667644083327e+01 1.536354894353041267e+01 3.799999999999999906e-02
6.969538940383799286e+01 1.431698071616079204e+01 1.598762988000120089e+01 3.799999999999999906e-02
6.727326939359826952e+01 1.812880676743855091e+01 1.459792383896318491e+01 3.799999999999999906e-02
6.872421998163828505e+01 1.611810657425863269e+01 1.515767344410307338e+01 3.799999999999999906e-02
6.772880308233344238e+01 1.628035370965791273e+01 1.599084320800865022e+01 3.799999999999999906e-02
6.631970974547577669e+01 1.746137506593714050e+01 1.621891518858707570e+01 3.799999999999999906e-02
6.909770341987623965e+01 1.386242141428900609e+01 1.703987516583475426e+01 3.799999999999999906e-02
6.633623590611391307e+01 1.818191515655225032e+01 1.548184893733384371e+01 3.799999999999999906e-02
6.738912459997553128e+01 1.614527915955473958e+01 1.646559624046972914e+01 3.799999999999999906e-02
6.676981151122937774e+01 1.623681241573711986e+01 1.699337607303349529e+01 3.799999999999999906e-02
6.543724857142171913e+01 1.718569235308428489e+01 1.737705907549399598e+01 3.799999999999999906e-02
6.798220264124876167e+01 1.404047261138581426e+01 1.797732474736543651e+01 3.799999999999999906e-02
6.545470552721702973e+01 1.796430061148487667e+01 1.658099386129809361e+01 3.799999999999999906e-02
6.816076026468132909e+01 1.646643326792339224e+01 1.537280646739529466e+01 3.799999999999999906e-02
6.779475372686607670e+01 1.654491860484346688e+01 1.566032766829044931e+01 3.799999999999999906e-02
6.616231345364748506e+01 1.776479458292178748e+01 1.607289196343071325e+01 3.799999999999999906e-02
6.921636289615689464e+01 1.421462723581360699e+01 1.656900986802949660e+01 3.799999999999999906e-02
6.674681122805895939e+01 1.783751473324948478e+01 1.541567403869157005e+01 3.799999999999999906e-02
6.899661630406613710e+01 1.623590387099228138e+01 1.476747982494158329e+01 3.799999999999999906e-02
6.858545210740430775e+01 1.636942402656847051e+01 1.504512386602721463e+01 3.799999999999999906e-02
6.647237500321071479e+01 1.789263027564845387e+01 1.563499472114082778e+01 3.799999999999999906e-02
6.956111035976884693e+01 1.416663712683935650e+01 1.627225251339178769e+01 3.799999999999999906e-02
6.743583269117414147e+01 1.788534182845456044e+01 1.467882548037129808e+01 3.799999999999999906e-02
6.925859846611254511e+01 1.572754743469741534e+01 1.501385409919003955e+01 3.799999999999999906e-02
6.814638666014039359e+01 1.605685326045675154e+01 1.579676007940284954e+01 3.799999999999999906e-02
6.716114799496932619e+01 1.681623470309172319e+01 1.602261730193895772e+01 3.799999999999999906e-02
6.916263910732153875e+01 1.367533990860388293e+01 1.716202098407456589e+01 3.799999999999999906e-02
6.652621767814376597e+01 1.795394626955837225e+01 1.551983605229787422e+01 3.799999999999999906e-02
6.768819897874405456e+01 1.581569226414066520e+01 1.649610875711528024e+01 3.799999999999999906e-02
6.671395249766926838e+01 1.617671347070925592e+01 1.710933403162146504e+01 3.799999999999999906e-02
6.518670190067525994e+01 1.737450386656694334e+01 1.743879423275779672e+01 3.799999999999999906e-02
6.821704253909422278e+01 1.383999029968325267e+01 1.794296716122254054e+01 3.799999999999999906e-02
6.542811361985285146e+01 1.788082341161313593e+01 1.669106296853401972e+01 3.799999999999999906e-02
6.868101359665111261e+01 1.616020288587229459e+01 1.515878351747659103e+01 3.799999999999999906e-02
6.762297289675046841e+01 1.638975626964803212e+01 1.598727083360150303e+01 3.799999999999999906e-02
6.646189782392319501e+01 1.738752745498712216e+01 1.615057472108968639e+01 3.799999999999999906e-02
6.918118299525282566e+01 1.393529883153545335e+01 1.688351817321171922e+01 3.799999999999999906e-02
6.669149762605260889e+01 1.804415837885958851e+01 1.526434399508779727e+01 3.799999999999999906e-02
