4.403302791268576755e+01 5.454569598589014134e+01 1.421276101424091998e+00 5.852825549634498026e-02
4.347664702253499769e+01 5.511161710321112395e+01 1.411735874253881695e+00 6.415558384929681557e-02
4.495245043343956581e+01 5.504754956656065445e+01 4.720921427593296945e-16 6.904272526801538690e-02
4.404964329020001657e+01 5.234681172696102891e+01 3.603544982838955413e+00 6.271919914703782961e-02
4.667633388694353869e+01 5.207194625096712315e+01 1.251719862089348823e+00 6.438003654109709928e-02
4.456901452009940101e+01 5.373845478932455677e+01 1.692530690576035335e+00 5.847299538033277899e-02
4.315445639486835461e+01 5.513357970227548321e+01 1.711963902856163289e+00 6.408512911255172251e-02
4.470804329414718126e+01 5.529195670636488558e+01 7.011121713649931130e-16 6.904248330820940416e-02
4.373198456559381953e+01 5.227663451042811715e+01 3.991380923978066431e+00 6.257209192483234594e-02
4.641933162357736364e+01 5.205758687778010341e+01 1.523081498642535392e+00 6.432166332813218923e-02
4.422097558145786422e+01 5.388475686406845000e+01 1.894267554473695991e+00 5.845004329937678045e-02
4.272680657548143301e+01 5.531896996842485947e+01 1.954223456147538895e+00 6.405173797740167096e-02
4.430856890452047026e+01 5.569143109547958659e+01 3.744198955618667686e-16 6.904244972866004082e-02
4.332677287615744888e+01 5.228105872961246092e+01 4.392168394230092865e+00 6.250435307605471669e-02
4.610047317040605463e+01 5.213979426099397330e+01 1.759732568599970071e+00 6.428798753463803306e-02
4.454601552869655023e+01 5.384009966005593384e+01 1.613884811247520146e+00 5.849209628106598335e-02
4.314673408799463061e+01 5.525268643064841712e+01 1.600579481486220645e+00 6.411779906496466175e-02
4.467990882344987114e+01 5.532009117675180931e+01 0.000000000000000000e+00 6.904261020722446407e-02
4.374653068349384455e+01 5.239963921164723359e+01 3.853830104858928962e+00 6.263280195161056996e-02
4.639582552642149693e+01 5.220178018157371014e+01 1.402394292004787602e+00 6.435092621908934662e-02
4.553521977030613499e+01 5.268158423319256656e+01 1.783195996501297342e+00 5.828093540940426642e-02
4.390188673013611975e+01 5.422995823047399711e+01 1.868155039389884253e+00 6.420307657315850458e-02
4.526312499421817392e+01 5.473687500578172660e+01 9.181584853075755405e-14 6.938532632134061795e-02
4.449386500086832541e+01 5.144130748731452485e+01 4.064827511817151517e+00 6.282179028744801219e-02
4.883239565103220059e+01 4.952685849657051875e+01 1.640745852397287541e+00 6.436668531871746202e-02
4.513337042500593554e+01 5.276801383804373557e+01 2.098615736950343535e+00 5.820025937144979178e-02
4.364457644240042811e+01 5.412671860564303472e+01 2.228704951956538061e+00 6.411341299874505351e-02
4.513081331876964697e+01 5.486918668123030329e+01 6.420137498630607410e-14 6.938504355487393194e-02
4.411107896924175265e+01 5.137812563221402229e+01 4.510795398544224177e+00 6.265459213985631604e-02
4.854595848011856418e+01 4.948331804701892622e+01 1.970723472862504488e+00 6.429247813230599962e-02
4.497708582855658221e+01 5.267642435814057933e+01 2.346489813302850447e+00 5.816957038670151486e-02
4.330722014350380533e+01 5.416791469533752945e+01 2.524865161158667437e+00 6.406918624941299045e-02
4.492495071766317238e+01 5.507504928233685604e+01 8.796539562225440001e-17 6.938493311528270979e-02
4.388633676272853990e+01 5.115555596431865837e+01 4.958107272952799072e+00 6.257176617336188129e-02
4.833022086776560400e+01 4.941050008217722223e+01 2.259279050057163118e+00 6.424855752361520456e-02
4.521029527780433455e+01 5.280208358168084004e+01 1.987621140514819862e+00 5.822824782437618918e-02
4.366936172133557648e+01 5.426402068605211326e+01 2.066617592612311594e+00 6.415796502941820134e-02
4.509266465647556998e+01 5.490733534352445844e+01 0.000000000000000000e+00 6.938512125411402942e-02
4.420837679335088666e+01 5.143819069720581183e+01 4.353432509443297072e+00 6.272837307880861635e-02
4.866892518151540514e+01 4.950974541840449206e+01 1.821329400080107241e+00 6.433083175742730642e-02
4.506890834576950766e+01 5.351464151967267213e+01 1.416450134557813101e+00 5.709718732578884098e-02
4.369652084821611737e+01 5.482551551919503652e+01 1.477963632588846554e+00 6.268689697129296856e-02
4.513718278908302750e+01 5.486281721091680197e+01 1.719755150495991018e-13 6.810934293127501871e-02
4.441920255097963377e+01 5.194694846440830105e+01 3.633848984612076283e+00 6.150105345074258212e-02
4.750745274842614663e+01 5.122016254012552139e+01 1.272384711448334871e+00 6.332506877964690084e-02
4.483715086506086323e+01 5.346635110257579981e+01 1.696498032363334740e+00 5.702664589089363745e-02
4.343383183214859855e+01 5.475849307779455444e+01 1.807675090056844569e+00 6.261144235904729516e-02
4.494353835781146955e+01 5.505646164218863703e+01 0.000000000000000000e+00 6.810895039982431398e-02
4.415618138547372240e+01 5.179376626513783322e+01 4.050052349388436390e+00 6.134184010649845059e-02
4.722582663913072309e+01 5.119589778649544343e+01 1.578275574373842804e+00 6.326366302406648268e-02
4.455858687189486744e+01 5.353956175561073394e+01 1.901851372494394177e+00 5.700208433374827355e-02
4.289829937727268572e+01 5.503540683894521379e+01 2.066293783782097382e+00 6.257588128201448108e-02
4.449994763071315873e+01 5.550005236928727470e+01 0.000000000000000000e+00 6.810886835361339153e-02
4.369183857218903455e+01 5.185826843569958555e+01 4.449892992111366574e+00 6.127088392781181170e-02
4.703158563385849789e+01 5.113128973913070041e+01 1.837124627010798594e+00 6.322829882415112457e-02
4.483728678146718494e+01 5.356316660582187694e+01 1.599546612710935456e+00 5.705100958728177157e-02
4.345043655335034316e+01 5.489365835017869699e+01 1.655905096470953408e+00 6.264998466975080227e-02
4.474244216469003987e+01 5.525755783531103305e+01 0.000000000000000000e+00 6.810917790909987168e-02
4.415875560503525321e+01 5.195664911694358779e+01 3.884595278021162557e+00 6.141471602791696849e-02
4.735109018916116241e+01 5.121633159843531047e+01 1.432578212403522455e+00 6.329738494706239893e-02
4.450498439435074260e+01 5.389780193970208444e+01 1.597213665947168737e+00 5.774672677584629515e-02
4.314009801486178475e+01 5.523566712289728287e+01 1.624234862240925947e+00 6.348249388354129663e-02
4.473205341194846341e+01 5.526794658805192029e+01 0.000000000000000000e+00 6.946026653231343606e-02
4.388314562793618734e+01 5.230128581589344350e+01 3.815568556170366943e+00 6.239910562571193003e-02
4.659628691474870266e+01 5.198620108427250841e+01 1.417512000978795372e+00 6.405478080881189806e-02
4.427257727104495899e+01 5.383546755021661312e+01 1.891955178738424115e+00 5.766954387250562003e-02
4.285682172458657391e+01 5.516303538068893175e+01 1.980142894724512992e+00 6.339933730459948458e-02
4.453322278031402703e+01 5.546677721968606534e+01 0.000000000000000000e+00 6.945979926097360646e-02
4.361608579085594073e+01 5.213638282979287197e+01 4.247531379351186409e+00 6.223207068180888757e-02
4.638991682064737887e+01 5.187076021685404470e+01 1.739322962498575542e+00 6.398603621533772989e-02
4.397990398832811820e+01 5.391673587489187724e+01 2.103360136779991230e+00 5.764119388065684635e-02
4.215462255754444953e+01 5.557424938547637083e+01 2.271128056979175636e+00 6.335923612626614965e-02
4.424011771091457490e+01 5.575988228908543931e+01 0.000000000000000000e+00 6.945955568502219790e-02
4.310145761750217019e+01 5.223373709065421622e+01 4.664805291843611812e+00 6.215452548847494318e-02
4.612310719102743661e+01 5.187065041606010851e+01 2.006242392912456207e+00 6.394626630414355917e-02
4.428384880457560513e+01 5.393417537115540483e+01 1.781975824268987818e+00 5.769711374367440110e-02
4.286479108854447162e+01 5.531582581297615064e+01 1.819383098479378402e+00 6.344183681493108240e-02
4.449612461335231473e+01 5.550387538664760712e+01 7.879759816586312295e-14 6.946009585218336502e-02
4.361287543455112115e+01 5.230788789526598492e+01 4.079236670182898372e+00 6.230929231160335646e-02
4.643669132647210063e+01 5.197935245364929813e+01 1.583956219878595029e+00 6.402309246853364610e-02
4.431816737394831307e+01 5.375185643301016114e+01 1.929976193041527122e+00 5.630899981045190544e-02
4.289725232541795918e+01 5.512265824552991234e+01 1.980089429052137140e+00 6.187645804516001685e-02
4.451049226753692523e+01 5.548950773246339452e+01 0.000000000000000000e+00 6.758918039605087136e-02
4.365411062716997748e+01 5.221272594560351621e+01 4.133163427226504538e+00 6.082115080559954978e-02
4.632196053553143855e+01 5.193280993864692618e+01 1.745229525821636374e+00 6.231645183650069003e-02
4.410684699301960876e+01 5.364498226432743877e+01 2.248170742652949805e+00 5.621332346086967829e-02
4.223513031188456779e+01 5.536212657984331287e+01 2.402743108272120676e+00 6.177400086105119120e-02
4.433221108882053585e+01 5.566778891117944994e+01 1.278554918307740142e-14 6.758858011299916091e-02
4.338748705894857238e+01 5.203309583981330633e+01 4.579417101238122179e+00 6.063543802903915286e-02
4.610175730679598161e+01 5.181618882415241245e+01 2.082053869051604611e+00 6.223164895689265591e-02
4.383323635487305125e+01 5.367644479202739660e+01 2.490318853099545926e+00 5.618204721180299066e-02
4.191103250647475420e+01 5.538086372442649008e+01 2.708103769098751279e+00 6.172824859650102164e-02
4.388929211205486780e+01 5.611070788794511088e+01 2.585251823678174351e-14 6.758833904661790126e-02
4.285358167489211922e+01 5.212276179587285441e+01 5.023656529235029922e+00 6.055497151063431865e-02
4.584963887297330132e+01 5.178183964032985642e+01 2.368521486696847145e+00 6.218557661447900176e-02
4.412759073154317946e+01 5.374038290181342603e+01 2.132026366643406945e+00 5.624660925612763596e-02
4.263283909567449825e+01 5.518020456185782763e+01 2.186956342467663905e+00 6.182576843650249704e-02
4.429783403894309401e+01 5.570216596105667861e+01 2.348517371773826957e-13 6.758886243012468542e-02
4.339202803339907888e+01 5.220316135525168733e+01 4.404810611349234684e+00 6.072036582859715453e-02
4.611597517802087509e+01 5.195243151339984422e+01 1.931593308579279800e+00 6.227751122424216024e-02
4.557237398283271546e+01 5.346438604672556494e+01 9.632399706604347633e-01 5.789045804189334177e-02
4.431255842609935058e+01 5.473673801393810834e+01 9.507035599625460742e-01 6.322625415827991258e-02
4.553347188916318800e+01 5.446652811083250612e+01 4.311359860001624794e-12 6.828834400290691165e-02
4.489528910923865368e+01 5.203091967379377536e+01 3.073791216967582507e+00 6.219021612269667876e-02
4.743957739036573429e+01 5.176541658957937386e+01 7.950060200548821898e-01 6.421415237511753082e-02
4.529501007815284197e+01 5.351298700805625685e+01 1.192002913790904284e+00 5.784629657658778984e-02
4.404922702810328161e+01 5.472116778660797820e+01 1.229605185288747515e+00 6.317601389373682375e-02
4.533705678892918201e+01 5.466294321107304910e+01 0.000000000000000000e+00 6.828811307203280778e-02
4.466292419418827109e+01 5.191966694943396021e+01 3.417408856377774029e+00 6.205858717802451019e-02
4.725570720947609260e+01 5.169749436479574456e+01 1.046798425728161730e+00 6.417393766047890802e-02
4.502296864498274687e+01 5.361056723343089203e+01 1.366464121586352221e+00 5.782421791580279885e-02
4.370594600674832009e+01 5.484946529807120896e+01 1.444588695180484939e+00 6.314721948016326081e-02
4.503324933908571381e+01 5.496675066091547990e+01 0.000000000000000000e+00 6.828812989760398022e-02
4.432229750795257672e+01 5.188078667257658338e+01 3.796915819470841225e+00 6.198545363133307895e-02
4.697889514534665523e+01 5.175142738999311831e+01 1.269677464660234900e+00 6.414498325730065564e-02
4.532825109166718391e+01 5.353696921490564620e+01 1.134779693427178104e+00 5.785667494696419139e-02
4.405067363354126542e+01 5.482830214209320729e+01 1.121024224365524180e+00 6.319674489113465132e-02
4.530255730432096328e+01 5.469744269567793538e+01 1.102175528022636801e-12 6.828823405554987347e-02
4.462394891343394931e+01 5.205834414237521202e+01 3.317706944190839113e+00 6.210348715363799010e-02
4.722711951658702390e+01 5.182684829026981532e+01 9.460321931431663334e-01 6.419107435457481470e-02
4.749300167505643344e+01 5.121117396195859328e+01 1.295824362984982159e+00 5.781864858122195278e-02
4.512579907066093199e+01 5.357073404795124816e+01 1.303466881387824072e+00 6.343533304830907549e-02
4.611261363294477178e+01 5.388738636705375029e+01 1.474099378874201365e-12 6.875763253111152884e-02
4.678321183219152601e+01 4.968342040908090951e+01 3.533367758727567587e+00 6.245545354496732926e-02
5.089577035827033313e+01 4.797707599388391486e+01 1.127153647845769768e+00 6.436674928811005059e-02
4.719046296199520896e+01 5.121996161412601367e+01 1.589575423878779592e+00 5.775785142739793543e-02
4.481736717097017930e+01 5.355047001387344352e+01 1.632162815156373403e+00 6.336754120756123154e-02
4.614790650623694290e+01 5.385209349376297183e+01 9.578407508094070233e-14 6.875632667713113544e-02
4.623153463887597781e+01 4.981160864264369081e+01 3.956856718480312729e+00 6.230311358645064523e-02
5.061999661766858338e+01 4.796402555409996182e+01 1.415977828231453017e+00 6.431249623405042859e-02
4.719509182856057805e+01 5.099762258484307154e+01 1.807285586596351079e+00 5.772678900071145924e-02
4.478314602221586682e+01 5.332250748071817981e+01 1.894346497065945822e+00 6.332768161329799250e-02
4.612485535740236031e+01 5.387514464259762548e+01 1.590655635515020319e-14 6.875684192162132002e-02
4.596562237668504736e+01 4.961204303952487038e+01 4.422334583790080487e+00 6.221370448466948672e-02
5.040412854938749376e+01 4.791221173128025868e+01 1.683659719332241123e+00 6.427284182457015937e-02
4.754093901864429483e+01 5.097129132040170418e+01 1.487769660953995876e+00 5.777280810668881939e-02
4.501701322092849722e+01 5.348509596163632551e+01 1.497890817435167721e+00 6.339759913670212077e-02
4.616252224207149624e+01 5.383747775792893719e+01 1.586643664408796490e-15 6.875707352575448350e-02
4.634483873320783687e+01 4.985048727838195504e+01 3.804673988410210317e+00 6.235778492832783071e-02
5.072382910596034833e+01 4.796646118790944513e+01 1.309709706130217421e+00 6.433662589072702831e-02
4.618805540707956681e+01 5.286363846373112096e+01 9.483061291893120082e-01 5.671419304297474484e-02
4.457517671070932153e+01 5.447350022088112098e+01 9.513230684095596024e-01 6.198356614928914737e-02
4.563772059472425013e+01 5.436227940527562197e+01 1.227783066187759786e-13 6.757359310612308378e-02
4.525902647369790088e+01 5.161914841476543359e+01 3.121825111536660202e+00 6.121101566790791704e-02
4.952480722918045331e+01 4.967585408215343534e+01 7.993386886661042467e-01 6.339767199275544995e-02
4.618916156440776888e+01 5.259558766865362145e+01 1.215250766938618776e+00 5.666096920806703435e-02
4.432509311321675938e+01 5.442376271451038150e+01 1.251144172272869559e+00 6.192999720697708183e-02
4.549219835932267841e+01 5.450780164067586497e+01 1.446370371450404050e-12 6.757339098092750296e-02
4.501499564906082895e+01 5.146805617852767512e+01 3.516948172411500373e+00 6.106939092897920029e-02
4.926496729790164153e+01 4.964527263673804924e+01 1.089760065360301899e+00 6.335373764453854084e-02
4.577527406342568383e+01 5.282535780259703273e+01 1.399368133977286988e+00 5.663927436868276127e-02
4.403981316930459400e+01 5.448837355731924958e+01 1.471813273376152198e+00 6.189921441123321516e-02
4.533143304215285241e+01 5.466856695784682074e+01 3.404161718137399539e-13 6.757325685160654738e-02
4.465683759275463416e+01 5.144125166863948095e+01 3.901910738605884443e+00 6.099342591265406038e-02
5.040313690980259764e+01 4.828038430841519357e+01 1.316478781782200347e+00 6.332463069429043745e-02
4.598792490209843464e+01 5.289462208605189630e+01 1.117453011849669053e+00 5.667688228275202106e-02
4.434583889865247386e+01 5.453033469501736619e+01 1.123826406330164174e+00 6.195422359480329960e-02
4.546516744126478926e+01 5.453483255873748448e+01 1.302708672777412750e-13 6.757355640995521551e-02
4.502555457286266716e+01 5.159713810620879570e+01 3.377307320928535805e+00 6.112407206476402899e-02
4.937473651273549535e+01 4.967387382575014243e+01 9.513896615143626612e-01 6.337493992961251710e-02
4.535989053376517433e+01 5.356376445386878515e+01 1.076345012366044074e+00 5.734906444759074740e-02
4.395487976996721358e+01 5.495961062796067864e+01 1.085509602072097124e+00 6.278630058971887418e-02
4.521006188876487641e+01 5.478993811123307722e+01 2.422421635005788150e-12 6.890337139790618515e-02
4.470648834975364849e+01 5.199962039571028072e+01 3.293891254536063240e+00 6.209559785018765182e-02
4.862760332976494482e+01 5.044166657012483768e+01 9.307301001102225024e-01 6.411094969588605752e-02
4.513699977891355530e+01 5.350662313350818522e+01 1.356377087578259255e+00 5.729422898611520598e-02
4.370972810703031541e+01 5.488769024080156811e+01 1.402581652168112925e+00 6.272540240167993886e-02
4.506151559687486952e+01 5.493848440312486758e+01 2.673089909513924965e-13 6.890663832911800291e-02
4.446278036799947131e+01 5.183201707331501495e+01 3.705202558685506631e+00 6.194629529944703505e-02
4.834313504749997037e+01 5.042969963951347978e+01 1.227165312986540080e+00 6.406235778002976333e-02
4.489996199199614324e+01 5.354163453564075326e+01 1.558403472363096842e+00 5.726714458868078367e-02
4.342577559072645954e+01 5.488116534274932690e+01 1.693059066524213785e+00 6.269021177273433054e-02
4.488121228711002431e+01 5.511878771288975543e+01 2.118550560675780403e-13 6.890652110583680989e-02
4.397165777259637309e+01 5.190497459354061505e+01 4.123367633862994097e+00 6.186366016926665712e-02
4.813155107369654218e+01 5.038845732949094014e+01 1.479991596812518795e+00 6.402771741211431278e-02
4.513443819228808707e+01 5.359786873852998923e+01 1.267693069181916155e+00 5.731063096918634359e-02
4.371841082413139645e+01 5.501481269338513869e+01 1.266776482483471078e+00 6.275324536384351004e-02
4.504023146098062114e+01 5.495976853901711223e+01 2.247346406192285428e-12 6.890663944667412000e-02
4.445971729486098667e+01 5.198651450369744254e+01 3.553768201441572572e+00 6.200518118257429545e-02
4.851392313044541993e+01 5.037704435949889614e+01 1.109032510055687037e+00 6.408379334996384957e-02
4.516639863749480099e+01 5.342310395721441552e+01 1.410497405290783490e+00 5.598056199192149446e-02
4.378430261859157469e+01 5.473290358233628439e+01 1.482793799072133378e+00 6.124006194646862411e-02
4.503232814452651667e+01 5.496767185547335544e+01 1.273678608477939878e-13 6.707060232176860481e-02
4.449832039056708055e+01 5.187589024515357039e+01 3.625789364279362381e+00 6.058094842401164082e-02
4.834429769381074493e+01 5.038279417317978925e+01 1.272908133009480025e+00 6.245645091050224668e-02
4.495529547811438675e+01 5.333245019640619233e+01 1.712254325479419803e+00 5.590436907843871622e-02
4.352060578630219112e+01 5.465519659222263016e+01 1.824197621475172504e+00 6.115939016996898431e-02
4.491819876519154064e+01 5.508180123480799750e+01 4.624136777345728193e-13 6.707375328702898376e-02
4.424199542996571211e+01 5.170709123861243484e+01 4.050913331421858388e+00 6.041234273501461943e-02
4.802697798740297230e+01 5.038828888458666455e+01 1.584733128010365144e+00 6.239138902773429946e-02
4.471529850091619096e+01 5.335184688254811647e+01 1.932854616535682357e+00 5.587213771821013253e-02
4.323809562241141435e+01 5.466129122997501355e+01 2.100613147613567211e+00 6.111658556444457546e-02
4.473632640520066417e+01 5.526367359479935004e+01 2.190457514397391136e-13 6.707377417346051252e-02
4.375835674562135580e+01 5.176121015539220593e+01 4.480433098986436491e+00 6.032474614819550995e-02
4.781131585543393214e+01 5.033408716254798065e+01 1.854596982018089424e+00 6.234882870188145076e-02
4.495653651381439175e+01 5.342442064921075229e+01 1.619042836974862620e+00 5.592553430945211568e-02
4.356214164650230458e+01 5.475942008778257986e+01 1.678438265715104238e+00 6.119582440811215801e-02
4.489017070119440689e+01 5.510982929880667314e+01 0.000000000000000000e+00 6.707377097794665899e-02
4.425544206793121305e+01 5.184608673656628497e+01 3.898471195502504205e+00 6.047845342147242786e-02
4.837723072331972674e+01 5.017663385469175807e+01 1.446135421988516745e+00 6.242110410291643041e-02
4.730218360302109204e+01 5.057336831528426302e+01 2.124448081694642276e+00 5.753142179133090978e-02
4.560852154339580977e+01 5.239792787354686254e+01 1.993550583057335013e+00 6.242843968251633041e-02
4.716692547550039194e+01 5.283307452449961517e+01 9.136217054354943428e-16 6.708288158638567311e-02
4.637671281308198701e+01 4.960669180861847849e+01 4.016595378299539831e+00 6.163420608673848833e-02
5.068576371488357069e+01 4.733005483806567071e+01 1.984181447050750169e+00 6.367434690621562310e-02
4.711997628990128817e+01 5.049852763197037575e+01 2.381496078128323202e+00 5.743903945365814306e-02
4.542709421882645415e+01 5.228698565772651818e+01 2.285920123447027663e+00 6.233195019495477857e-02
4.722546431651215926e+01 5.277453568348784785e+01 4.397571910988655580e-19 6.708269748593886916e-02
4.613880748149755107e+01 4.946675671958509923e+01 4.394435798917352365e+00 6.146700405857490751e-02
5.044675774581703820e+01 4.728823076680352244e+01 2.265011487379437138e+00 6.358733644833225451e-02
4.685841382284144885e+01 5.046657812330548865e+01 2.675008053853067391e+00 5.739889777343076815e-02
4.527702400168741548e+01 5.220139316216555869e+01 2.521582836147016504e+00 6.228164756496593069e-02
4.719330570028951399e+01 5.280669429971049311e+01 1.743921514204678355e-17 6.708267737673619113e-02
4.587550263837116660e+01 4.930946855661218819e+01 4.815028805016645208e+00 6.137773016416060712e-02
5.023658955016138350e+01 4.721326368154996800e+01 2.550146768288636068e+00 6.353033142556813173e-02
4.701460867376913910e+01 5.066090237513203931e+01 2.324488951098810041e+00 5.745146899477972247e-02
4.541454271237540752e+01 5.240419833618877732e+01 2.181258951435822269e+00 6.236575592807896279e-02
4.716623199208331840e+01 5.283376800791668160e+01 1.372207458159942722e-16 6.708266829959391719e-02
4.616796541080655203e+01 4.957856061342235421e+01 4.253473975771093762e+00 6.151552817634379361e-02
5.049965620378573306e+01 4.733254462589502509e+01 2.167799170319235635e+00 6.361798264664939029e-02
5.068894923050796564e+01 4.684469112932580970e+01 2.466359640166231326e+00 5.738138152784387491e-02
4.855727917878370903e+01 4.911507304160858922e+01 2.327647779607709744e+00 6.255711665554636314e-02
5.126521973658606157e+01 4.873478026341393843e+01 6.429988913476042640e-21 6.752329492846316505e-02
4.982881413486646238e+01 4.564898945484092252e+01 4.522196410292620428e+00 6.183420443093073926e-02
5.423346621708481763e+01 4.343636880350796048e+01 2.330164979407232106e+00 6.375633916381559518e-02
5.044121912066263036e+01 4.679896539255388177e+01 2.759815486783490091e+00 5.727284572855929901e-02
4.828090656573004935e+01 4.906845462369937394e+01 2.650638810570589143e+00 6.244293005153123827e-02
5.127543815705264763e+01 4.872456184294734527e+01 0.000000000000000000e+00 6.752272513943040344e-02
4.956663448488892953e+01 4.548190060886256703e+01 4.951464906248505216e+00 6.164480550761713973e-02
5.391930974085863681e+01 4.341904464500145622e+01 2.661645614139920291e+00 6.365564114724088507e-02
5.024510235619159459e+01 4.668006341846684393e+01 3.074834225341566807e+00 5.722252158944690636e-02
4.805039748878427019e+01 4.894227850643056144e+01 3.007324004785180804e+00 6.237860793375729629e-02
5.130265139784954442e+01 4.865644547162074218e+01 4.090313052971387975e-02 6.752157694290530920e-02
4.924759613007039150e+01 4.533116542687452721e+01 5.421238443055081291e+00 6.154063669849358514e-02
5.367748070151165507e+01 4.332947306173321067e+01 2.993046236755133371e+00 6.358745282028907542e-02
5.043544062009018347e+01 4.685153628634110134e+01 2.713023093568715627e+00 5.729307156541466051e-02
4.837318357658172374e+01 4.906770718027345168e+01 2.559109243144829016e+00 6.248503874089426924e-02
5.134270959784604571e+01 4.865729040215394718e+01 2.564374764674202518e-17 6.752270755690419068e-02
4.960554295905686928e+01 4.558328451260360481e+01 4.811172528339532128e+00 6.170700654713049543e-02
5.399637206276990042e+01 4.345870259518301992e+01 2.544925342047084538e+00 6.369482280062301049e-02
4.930248645471696278e+01 4.854323467692610450e+01 2.154278868356936716e+00 5.632495141957317986e-02
4.709599061178597168e+01 5.088833384814158478e+01 2.015675540072442207e+00 6.115202901848383610e-02
4.948934136809602791e+01 5.051065863190397920e+01 3.101126347951767458e-16 6.631087440444563552e-02
4.847718931604931925e+01 4.739322054234932580e+01 4.129590141601351405e+00 6.063596595665259048e-02
5.285978092829834196e+01 4.511741351557905944e+01 2.022805556122608817e+00 6.282476737011569168e-02
4.916004538010260205e+01 4.840316422543143204e+01 2.436790394465968124e+00 5.622414628530385955e-02
4.682952500160687492e+01 5.084587276417148161e+01 2.324602234221643027e+00 6.104889557392719629e-02
4.957170461042908016e+01 5.042829538957091984e+01 2.275377335788239671e-15 6.631085525174212902e-02
4.822846261266994361e+01 4.724904403570963041e+01 4.522493351620418878e+00 6.045238398138149533e-02
5.259923688994254576e+01 4.508530158916701680e+01 2.315461520890422342e+00 6.273318772608435512e-02
4.891844824548847726e+01 4.838971574618764038e+01 2.691836008323889029e+00 5.618334893036606298e-02
4.664024219793130044e+01 5.075505531039267026e+01 2.604702491676022191e+00 6.099525100509486236e-02
4.946221707585080907e+01 5.053778292414919804e+01 9.893225370035395179e-18 6.631052545363923245e-02
4.795461893443521717e+01 4.705214846884037172e+01 4.993232596724416439e+00 6.035679116845025366e-02
5.236882273345940320e+01 4.500983831935755575e+01 2.621338947183045054e+00 6.267368683094050319e-02
4.911693735652462323e+01 4.852153232472694810e+01 2.361530318748430002e+00 5.624402901321587378e-02
4.691339927706756896e+01 5.087975107696259158e+01 2.206849645969822582e+00 6.108940348093728351e-02
4.974438546356081758e+01 5.025561453643917531e+01 9.154214271085430919e-16 6.630951193268173893e-02
4.825422749808041090e+01 4.735268730108327162e+01 4.393085200836315707e+00 6.051360135061983198e-02
5.267936428536338411e+01 4.511565388361391626e+01 2.204981831022707173e+00 6.276903747375200959e-02
4.881980398762955531e+01 4.897177664973026623e+01 2.208419362640177130e+00 5.688843928707495307e-02
4.611529694588437422e+01 5.179240120645709311e+01 2.092301847658538438e+00 6.191039539220143106e-02
4.907052255800316942e+01 5.092947744199683768e+01 6.956950141739955309e-20 6.760944364585480537e-02
4.763332040609566320e+01 4.813591226696949832e+01 4.230767326934846473e+00 6.145314595569181110e-02
5.203184929465415820e+01 4.586915162683187930e+01 2.098999078513960281e+00 6.348570628562023865e-02
4.810976836089326270e+01 4.937708399761970668e+01 2.513147641487023076e+00 5.678396192231557199e-02
4.584489143775592623e+01 5.174036001872169521e+01 2.414748543522381219e+00 6.180251720047247321e-02
4.876205210276586399e+01 5.123794789723414311e+01 3.608774003072569957e-21 6.760875228216867150e-02
4.729763395163018203e+01 4.804415423947206421e+01 4.658211808897744000e+00 6.126936979191318494e-02
5.177123128218268988e+01 4.581630625489322028e+01 2.412462462924098716e+00 6.338911417208374643e-02
4.795352254634764932e+01 4.925692599747129208e+01 2.789551456181061706e+00 5.673893291145604145e-02
4.563510461510878713e+01 5.165352968147038837e+01 2.711365703420804962e+00 6.174502494258558849e-02
4.876520242259563531e+01 5.123479757740437179e+01 1.830827671482607113e-15 6.760839197430622283e-02
4.704108259217043297e+01 4.784904264888405123e+01 5.109874758945520234e+00 6.116849861813293543e-02
5.153721474986275553e+01 4.574015558945746562e+01 2.722629660679778407e+00 6.332613047621246660e-02
4.816799268895499608e+01 4.938866125704601728e+01 2.443346053998993739e+00 5.680653961385181971e-02
4.595031390345567246e+01 5.176553750071635562e+01 2.284148595827954598e+00 6.184595357149566541e-02
4.882170086085992722e+01 5.117829913914007989e+01 2.089673156772642161e-19 6.760853903506945650e-02
4.753172257364975906e+01 4.796663007234067777e+01 4.501647354009561397e+00 6.133327985835297647e-02
5.185749259545962531e+01 4.585364532569693807e+01 2.288862078843448167e+00 6.342808605477806561e-02
4.815082369869193712e+01 4.929848200463700181e+01 2.550694296671054406e+00 5.561314947245222379e-02
4.585925408715358031e+01 5.170261110404756977e+01 2.438134808798851250e+00 6.044477084971502240e-02
4.884811432588853108e+01 5.115188567411147602e+01 2.105803520955328263e-19 6.594621936639835647e-02
4.736142596271554339e+01 4.808078168589096890e+01 4.557792351393491259e+00 6.002643552079386935e-02
5.173878971996494869e+01 4.587192653895384353e+01 2.389283741081210444e+00 6.193247689684325957e-02
4.884599975519535064e+01 4.830805561654802460e+01 2.845944628256620756e+00 5.549173462703357873e-02
4.576121509474223359e+01 5.145312184622451923e+01 2.785663059033263167e+00 6.031608413242248862e-02
4.866878499424119298e+01 5.122403120993973857e+01 1.071837958190644813e-01 6.594322576453855167e-02
4.706808178960275768e+01 4.791108405222767885e+01 5.020834158169561690e+00 5.981857536458012881e-02
5.142333571932437053e+01 4.585155909772053207e+01 2.725105182955095628e+00 6.182026068516331685e-02
4.777681498241328484e+01 4.906720004267580038e+01 3.155984974910911234e+00 5.543924266336020673e-02
4.558648290646500811e+01 5.130783458504218686e+01 3.105682508492807692e+00 6.025233746391645689e-02
4.861746911149372607e+01 5.120717983072185575e+01 1.753510577844192286e-01 6.594252474104542183e-02
4.683667831700627460e+01 4.770141441929134629e+01 5.461907263702391546e+00 5.971670198931098433e-02
5.123407213077200595e+01 4.572730625200874499e+01 3.038621617219239290e+00 6.174931434437180150e-02
4.798962361129756005e+01 4.923233357731431425e+01 2.778042811388125255e+00 5.551468412692250887e-02
4.567060401353202082e+01 5.168071105024415601e+01 2.648684936223833386e+00 6.036817736839019538e-02
4.884595425448714678e+01 5.115404574551284611e+01 3.053063892487840147e-16 6.594464756384151027e-02
4.723290808533127461e+01 4.789906117772045491e+01 4.868030736948266934e+00 5.988925908591587882e-02
5.153892384478838551e+01 4.586085494283993569e+01 2.600221212371683244e+00 6.186410182444377487e-02
4.624820611048752994e+01 5.168382785631111176e+01 2.067966033201365406e+00 5.805686100039644110e-02
4.513291731104990134e+01 5.296309582574935604e+01 1.903986863200741508e+00 6.254952875263418421e-02
4.663930702236116588e+01 5.336069297763886965e+01 7.561451486261724605e-17 6.687454041060937604e-02
4.561807197902746225e+01 5.044374280172087310e+01 3.938185219251663760e+00 6.167052363620276895e-02
4.932747341674493669e+01 4.882211633536298478e+01 1.850410247892076754e+00 6.379230552278210287e-02
4.605359031538999659e+01 5.161679371760796897e+01 2.329615967002022892e+00 5.797605759886984705e-02
4.502737844750520679e+01 5.282139580489418762e+01 2.151225747600614469e+00 6.246369780040125080e-02
4.652261396408716365e+01 5.347738603591287898e+01 0.000000000000000000e+00 6.687433374641658934e-02
4.541044325430527806e+01 5.027293167650873329e+01 4.316625069185977992e+00 6.151494176988430568e-02
4.973572811005037408e+01 4.815804013600452294e+01 2.106231753945112306e+00 6.371532037156421580e-02
4.588641418323157950e+01 5.155970026953988139e+01 2.553885547228538222e+00 5.794104295122173842e-02
4.473602833051724303e+01 5.281811405771580326e+01 2.445857611766949269e+00 6.241851007836920345e-02
4.634637839507759338e+01 5.365362160492231425e+01 8.441297248869272796e-14 6.687424185651898167e-02
4.507105825268524768e+01 5.018333772670847992e+01 4.745604020606264406e+00 6.143273270242034095e-02
4.883596044472595565e+01 4.877070855352336309e+01 2.393331001750679476e+00 6.366563887130725907e-02
4.600268415865900096e+01 5.171314304605298418e+01 2.284172795288022417e+00 5.797667772736721237e-02
4.492247896268685281e+01 5.297133014484209212e+01 2.106190892471062170e+00 6.248595751758515698e-02
4.649271736697676971e+01 5.350728263302326582e+01 0.000000000000000000e+00 6.687439435747906391e-02
4.537788380892181550e+01 5.040483337559012256e+01 4.217282815488058390e+00 6.154343716571637063e-02
4.907205986805154652e+01 4.889002923796125089e+01 2.037910893987201710e+00 6.373428981027613738e-02
4.906441998187111864e+01 4.853353971693886137e+01 2.402040301190017768e+00 5.797290795762050780e-02
4.728009186422328725e+01 5.050210062692602975e+01 2.217807508850689668e+00 6.273222948433332391e-02
5.048795834365671453e+01 4.951204165634327126e+01 1.899506505847157937e-15 6.735377915756902978e-02
4.846474250645546533e+01 4.709826377218595894e+01 4.436993721358564180e+00 6.192426734543855088e-02
5.283576152999722098e+01 4.498028507037767554e+01 2.183953399625102154e+00 6.392168371386507120e-02
4.890582650727878899e+01 4.843398228117187188e+01 2.660191211549339574e+00 5.787282957356305185e-02
4.683798045453934122e+01 5.061017094794437554e+01 2.551848597516283679e+00 6.262973300204109639e-02
4.969825338975955020e+01 5.030174661024044269e+01 8.836751239308888469e-16 6.735338721659302197e-02
4.816884000982098968e+01 4.696122572738502043e+01 4.869934262793989888e+00 6.174905270634461346e-02
5.255781189456553903e+01 4.493774297343358626e+01 2.504445132000860497e+00 6.383164075934451287e-02
4.864559564109811163e+01 4.835948560868773427e+01 2.994918750214163872e+00 5.782963117568266226e-02
4.662791048806854377e+01 5.050911177145213315e+01 2.862977740479331956e+00 6.257380332556315705e-02
4.966844157026518047e+01 5.033155842973482663e+01 1.457733862513305932e-16 6.735357639195822810e-02
4.790111917953269938e+01 4.674584774783844665e+01 5.353033072628861078e+00 6.165294558067485609e-02
5.237031563103844434e+01 4.485053291991879831e+01 2.779151449042755129e+00 6.377281841909095139e-02
4.884595892466048639e+01 4.851085984314553201e+01 2.643181232193982488e+00 5.788076843092242879e-02
4.718036785840160974e+01 5.038027710281639315e+01 2.439355038781983787e+00 6.266037272647452527e-02
4.983240127573409950e+01 5.016759872426590761e+01 5.979125341572126378e-19 6.735354950668552554e-02
4.821210138242535237e+01 4.704589841107521409e+01 4.742000206499432657e+00 6.178948788500111117e-02
5.261414970998993113e+01 4.498073331202793668e+01 2.405116977982126425e+00 6.385726775027383839e-02
4.769017999412552911e+01 5.024453924766010715e+01 2.065280758214351753e+00 5.694654123524827555e-02
4.566659300216824846e+01 5.245640898642372463e+01 1.876998011408041567e+00 6.134423266888301696e-02
4.784863076608977650e+01 5.215136923390999613e+01 2.151428022404971520e-13 6.616481954679877264e-02
4.709258760859459159e+01 4.886710424224391147e+01 4.040308149161492501e+00 6.074178279481456944e-02
5.439317286603679946e+01 4.371481890163384776e+01 1.892008232329349005e+00 6.300944009612585717e-02
4.746625498576756286e+01 5.018035623281622293e+01 2.353388781416210662e+00 5.685563851079096509e-02
4.547130967289446346e+01 5.234576215388394616e+01 2.182928173221586388e+00 6.125225628398692224e-02
4.796862413164420502e+01 5.203137586835579498e+01 5.248095266286981748e-19 6.616550045428737370e-02
4.685648319171463072e+01 4.869338199062192984e+01 4.450134817663435882e+00 6.057384131881796835e-02
5.123999551616164894e+01 4.663219457007916446e+01 2.127809913759188376e+00 6.292839020357836322e-02
4.733411761419521468e+01 5.006906362437571545e+01 2.596818761429083633e+00 5.681813753995593186e-02
4.525206547323671913e+01 5.229755213337882225e+01 2.450382393384467061e+00 6.120465594614826060e-02
4.788278063546762553e+01 5.211721936453236736e+01 0.000000000000000000e+00 6.616422289917485433e-02
4.656288946051607525e+01 4.856265451043846326e+01 4.874456029045451722e+00 6.048933769441027647e-02
5.101542895214002726e+01 4.656972530366194718e+01 2.414845744198030442e+00 6.288035827203689032e-02
4.980640233124277216e+01 4.791511897634249806e+01 2.278478692414722229e+00 5.686218385634318750e-02
4.547527388843993634e+01 5.244058553312201809e+01 2.084140578438041569e+00 6.128024873990486204e-02
4.818608504285813865e+01 5.181391495714186135e+01 1.660218737508313975e-19 6.616501427644828903e-02
4.685125589474703389e+01 4.882421106807766620e+01 4.324533037175291028e+00 6.061441749660056305e-02
5.125244306462906962e+01 4.667975722532580107e+01 2.067799710045139072e+00 6.295153994520245877e-02
4.674427963672615505e+01 5.112544942913665835e+01 2.130270934137198591e+00 5.736830623464489465e-02
4.512382974762114429e+01 5.293659820023853513e+01 1.939572052140319247e+00 6.198042101829218803e-02
4.719210044471500254e+01 5.280789955528472035e+01 2.743015727359606726e-13 6.735802052161035669e-02
4.622191847435427547e+01 4.963370698474404463e+01 4.144374540901671011e+00 6.145092498559636546e-02
5.061554901036868870e+01 4.744478584104915342e+01 1.939665148582156995e+00 6.356158957971126677e-02
4.649974703762256922e+01 5.108101374694656727e+01 2.419239215430864842e+00 5.727268363140863155e-02
4.492726564645770537e+01 5.280944709982870222e+01 2.263287253713596403e+00 6.188454177797556716e-02
4.716870440676171938e+01 5.283129559323828062e+01 1.471302572186784072e-21 6.735824103326229495e-02
4.615869002118855491e+01 4.925838002517051706e+01 4.582929953640941356e+00 6.127611500072011053e-02
5.058969418796192485e+01 4.716747859386578767e+01 2.242827218172278592e+00 6.347658964335607668e-02
4.627544526486741461e+01 5.097707916158227448e+01 2.747475573550310024e+00 5.723091924545868625e-02
4.467635099555356959e+01 5.276383072743915648e+01 2.559818277007289034e+00 6.183316240736771996e-02
4.718951786028109296e+01 5.281048213971890704e+01 2.049066812689029751e-19 6.735825959878302682e-02
4.604896183075134530e+01 4.890267258280425722e+01 5.048365586444399256e+00 6.118576692827219082e-02
5.013738783550475375e+01 4.731609122199207462e+01 2.546520942503176954e+00 6.342176155393633441e-02
4.651725787608175722e+01 5.112640123315753016e+01 2.356340890760708628e+00 5.728278006195497429e-02
4.492479596092427840e+01 5.293305864657470039e+01 2.142145392501027423e+00 6.191571199196376635e-02
4.717849314376512382e+01 5.282150685623482644e+01 4.501589662416195193e-14 6.735846463136013762e-02
4.661980264259093332e+01 4.888601894048771612e+01 4.494178416921362995e+00 6.132177216083771476e-02
5.043605620647694820e+01 4.742372953089350318e+01 2.140214262629548614e+00 6.350297530275049451e-02
4.656561595224100358e+01 5.096625829107588146e+01 2.468125756683117178e+00 5.609573965865903566e-02
4.488389349533157002e+01 5.281264673352571748e+01 2.303459771142702284e+00 6.051378366701554157e-02
4.737108280138074434e+01 5.262891719861926276e+01 1.193200232993925041e-15 6.566709226960880386e-02
4.602374269700977294e+01 4.949338695678601141e+01 4.482870346204211209e+00 6.001480225604945151e-02
5.026395324890049920e+01 4.745939009673674747e+01 2.276656654362754217e+00 6.199761913675447961e-02
4.640594929402813307e+01 5.080931106918663431e+01 2.784739636785223738e+00 5.598152376809085312e-02
4.468762460177907769e+01 5.267522898199315762e+01 2.637146416227754919e+00 6.039741735606554002e-02
4.728229123010144974e+01 5.271770876989855736e+01 3.367480258549508480e-18 6.566651025325521973e-02
4.576909727070949430e+01 4.930761461249239375e+01 4.923288116798119951e+00 5.981943039017374730e-02
5.010072104414354754e+01 4.731774936442737101e+01 2.581529591429071235e+00 6.189645460023832785e-02
4.625991251378960811e+01 5.067106039870302681e+01 3.069027087507369966e+00 5.593816936914634136e-02
4.444516518051688081e+01 5.259927453835560129e+01 2.955560281127513900e+00 6.033974812728660347e-02
4.721972733955313117e+01 5.278027266044687593e+01 1.042220371705403025e-16 6.566627101496939900e-02
4.562743214476398634e+01 4.896412470356844437e+01 5.408443151667575499e+00 5.972177732888690749e-02
4.975902005536758566e+01 4.731317813625379642e+01 2.927801808378616588e+00 6.183424727369218887e-02
4.637853769483467659e+01 5.090766811207043929e+01 2.713794193094884122e+00 5.599430861297900741e-02
4.467698460088188739e+01 5.279827074930447139e+01 2.524744649813648323e+00 6.043516941090577160e-02
4.738911197955112442e+01 5.261088802044886847e+01 3.157395235633247600e-16 6.566710597727180854e-02
4.588184149011562596e+01 4.932429754987015258e+01 4.793860960014226791e+00 5.986870990360611960e-02
5.012686473904422257e+01 4.741089710108838062e+01 2.462238159867399467e+00 6.192652322781732471e-02
