
1.437948105186048764e-01	2.550452500543834433e-01	6.011599394270117358e-01	
1.339566691634917206e-01	3.480961342602666986e-01	5.179471965762415531e-01	
1.571451606618566865e-01	1.569429606591983273e-01	6.859118786789450972e-01	
8.523531316814454695e-02	1.837954560180668495e-01	7.309692308137885064e-01	
7.091897251326986784e-02	8.428773650044713017e-01	8.620366248225876105e-02	
1.247690353878190689e-01	7.439643944148534027e-01	1.312665701973275700e-01	
4.006017290596892988e-02	2.880491725167951267e-01	6.718906545772359573e-01	
2.884613690854821444e-01	5.713835749849930368e-01	1.401550559295247633e-01	
4.873621021503093953e-02	7.798292589676830699e-01	1.714345308172860183e-01	
1.620467450498189466e-01	2.727392125222276031e-01	5.652140424279534781e-01	
2.738173101374616891e-01	1.599796801052027484e-01	5.662030097573356180e-01	
1.862860600193268212e-01	2.762151424805331379e-01	5.374987975001400686e-01	
2.499701567292754445e-01	6.460261990624027728e-01	1.040036442083218104e-01	
1.365801441841153485e-01	7.764983757408024934e-01	8.692148007508217200e-02	
7.120216961786705878e-02	1.125016054765630713e-01	8.162962249055698560e-01	
3.398954916170250917e-01	5.441886519603411632e-01	1.159158564226337867e-01	
1.119373111156443390e-01	2.054980026125848847e-01	6.825646862717708041e-01	
1.281952746478510208e-01	3.821879604353505822e-01	4.896167649167983971e-01	
2.101436244628625549e-01	6.915029589433282498e-01	9.835341659380913981e-02	
8.710230573423775879e-02	2.426066335319537193e-01	6.702910607338086191e-01	
5.102354684894027520e-02	2.345507284484544541e-01	7.144257247026052360e-01	
8.561608443773191524e-02	2.123167367512444337e-01	7.020671788110235401e-01	
2.301441344693538338e-01	2.130661141889149679e-01	5.567897513417311428e-01	
8.630707656054527332e-02	2.142590183014961847e-01	6.994339051379586669e-01	
1.782072891741132425e-01	6.975406598863578278e-01	1.242520509395289158e-01	
1.256144490026422367e-01	8.392752545798093378e-01	3.511029641754840475e-02	
1.345318415369281817e-01	2.076269443251076152e-01	6.578412141379641476e-01	
1.259343643765873100e-01	1.408168496109487300e-01	7.332487860124640155e-01	
1.200389009173891269e-01	7.538373607883350758e-01	1.261237382942758667e-01	
1.200507202926040934e-01	8.127901079119040917e-01	6.715917179549177329e-02	
1.135417085778637064e-01	4.021238434648423121e-01	4.843344479572939676e-01	
3.035142162441951605e-02	4.051126253974928204e-01	5.645359529780876739e-01	
1.265873266048191670e-01	7.537351276708522674e-01	1.196775457243285795e-01	
1.079197219808848002e-01	1.580946893896331140e-01	7.339855886294820442e-01	
4.785838505307265373e-02	1.893587836022734283e-01	7.627828313446539665e-01	
2.943119950449098188e-02	3.267301776329750163e-01	6.438386228625339047e-01	
1.995016147576044729e-01	3.348560603235262723e-01	4.656423249188693103e-01	
6.542864676959021519e-01	2.880410718478382814e-01	5.767246045625954581e-02	
1.556424579237738470e-01	1.783516154846507551e-01	6.660059265915754256e-01	
7.004696354387962565e-02	5.177834089962738418e-01	4.121696274598465326e-01	
1.524310104749879435e-01	2.259609183900244123e-01	6.216080711349876164e-01	
1.377845591068657949e-01	4.179764243367657950e-01	4.442390165563684934e-01	
1.278956272108065784e-01	1.707531969654450810e-01	7.013511758237482852e-01	
3.865898657930857962e-02	1.790384971899052213e-01	7.823025162307861713e-01	
7.265580665101317726e-02	3.075309584956271713e-01	6.198132348533597069e-01	
1.445170715735573652e-01	3.291860671365793856e-01	5.262968612898633047e-01	
9.116428716001477583e-02	1.351450186089980798e-01	7.736906942309872415e-01	
1.841957349133757638e-01	7.486619202098147019e-01	6.714234487680952046e-02	
1.556488032561551826e-01	7.877677265200210277e-01	5.658347022382383823e-02	
1.340848763137792443e-01	3.578736820654607742e-01	5.080414416207600370e-01	
1.173182177883569377e-01	3.367463298800113525e-01	5.459354523316317653e-01	
1.514676716907596421e-01	3.502811916334239717e-01	4.982511366758164417e-01	
4.038460041102836379e-02	3.527396042637244711e-01	6.068757953252471582e-01	
7.162787833250483516e-02	2.236626294948269034e-01	7.047094921726683170e-01	
1.761174288831263701e-01	7.643156992973251240e-01	5.956687181954852667e-02	
2.398928962408536716e-02	4.349220552801201234e-01	5.410886550957945129e-01	
8.968895831540253660e-02	2.333148273238422610e-01	6.769962143607551885e-01	
2.295133001547869367e-01	1.695762993336443203e-01	6.009104005115687430e-01	
1.521708972561640338e-01	9.784650505302200374e-02	7.499825976908139902e-01	
1.454241320341061877e-02	2.629633781470150922e-01	7.224942086495742544e-01	
1.246108279213799241e-01	1.650179140063955385e-01	7.103712580722245651e-01	
1.576694227796279213e-01	6.608636524564769354e-01	1.814669247638952820e-01	
1.463254839956507590e-02	2.214991077713618639e-01	7.638683438290732042e-01	
1.239272878190458282e-01	7.940618235739308473e-01	8.201088860702326899e-02	
1.429619184873327231e-01	2.981875171181422313e-01	5.588505643945251844e-01	
2.050779077708373421e-01	1.097986434166535186e-01	6.851234488125091948e-01	
3.672515017851197827e-01	5.203153742921027280e-01	1.124331239227775309e-01	
8.627741398577709608e-01	8.971569613345313499e-02	4.751016400877589030e-02	
2.746023510614674021e-02	3.274317657169896756e-01	6.451079991768635669e-01	
2.558071191498405006e-01	5.982933338047129457e-01	1.458995470454464705e-01	
1.109694201280491538e-01	3.371823118105636841e-01	5.518482680613869817e-01	
2.065258710565421874e-01	2.294240544471832788e-01	5.640500744962746449e-01	
1.384764209442738148e-01	3.162536507694570509e-01	5.452699282862693009e-01	
1.974985053878181573e-01	2.592824418296200695e-01	5.432190527825617732e-01	
1.044838203385988623e-01	1.543540590801196488e-01	7.411621205812815028e-01	
5.801256160480444679e-01	3.225851163056387416e-01	9.728926764631677659e-02	
1.020848278832290623e-01	1.263129882281016358e-01	7.716021838886693018e-01	
2.375158149416825848e-01	1.888614011567824325e-01	5.736227839015349828e-01	
1.527196247232291970e-01	1.209771520113983034e-01	7.263032232653725551e-01	
9.757312580163028659e-02	6.532640805771714465e-01	2.491627936211982808e-01	
1.658419844636203899e-01	1.725492778302015751e-01	6.616087377061780073e-01	
1.643868944449491665e-01	7.090775540707449087e-01	1.265355514843058415e-01	
1.068051796772453987e-01	1.565644012066778612e-01	7.366304191160767401e-01	
1.143199962956877591e-01	7.599766501973501676e-01	1.257033535069621011e-01	
1.979538707639306450e-01	6.674879836968561353e-01	1.345581455392132197e-01	
9.702374549274350723e-02	8.310667945039295068e-01	7.190946000332701371e-02	
1.946722440319877678e-01	1.412718379773547361e-01	6.640559179906574405e-01	
1.435574535644595640e-01	2.209580994739356041e-01	6.354844469616047764e-01	
1.204559627588344950e-01	4.225408316269582687e-01	4.570032056142072641e-01	
1.020894872378143581e-01	1.197369769194388534e-01	7.781735358427467331e-01	
1.865800052783663232e-01	7.386470916050683622e-01	7.477290311656534239e-02	
5.285301650402173673e-02	2.206374182705693465e-01	7.265095652254088820e-01	
8.811174607239845302e-02	3.593692802930958941e-01	5.525189736345056390e-01	
5.474180776028626516e-01	3.773477301229002934e-01	7.523419227423697175e-02	
1.016222841737442484e-01	1.535782812434106082e-01	7.447994345828452545e-01	
1.785892587872806025e-01	7.154465181014646458e-01	1.059642231112547794e-01	
4.334800273066172910e-02	3.767532373368568943e-01	5.798987599324813003e-01	
1.021734333184486226e-01	3.974184080737404590e-01	5.004081586078108490e-01	
1.299167740775045432e-01	2.552293128597926675e-01	6.148539130627028726e-01	
1.602032875872836104e-01	1.980956662020726122e-01	6.417010462106438329e-01	
1.256085871877362370e-01	2.378207451459933841e-01	6.365706676662703511e-01	
6.997733372354639214e-02	2.529674636964070467e-01	6.770552025800465890e-01	
1.474982591047352132e-01	3.397988016052960747e-01	5.127029392899687954e-01	
1.098003614108166159e-01	1.807097870113131000e-01	7.094898515778703674e-01	
1.597498858768742758e-01	1.895934796831986735e-01	6.506566344399271618e-01	
2.324496837274874772e-01	1.440580614139055637e-01	6.234922548586069313e-01	
2.866164740462066596e-01	6.182838221067420426e-01	9.509970384705129787e-02	
1.501661110294675305e-01	1.241167033802944714e-01	7.257171855902380120e-01	
1.250846111764136459e-01	2.090371901004941246e-01	6.658781987230921739e-01	
9.521999034064299039e-02	3.328262486678812415e-01	5.719537609914757681e-01	
1.776056712778923685e-01	1.781837436906871242e-01	6.442105850314204796e-01	
1.582098430793120458e-01	2.757101801834238031e-01	5.660799767372640678e-01	
1.654542676585615268e-01	9.599351282399384844e-02	7.385522195174446525e-01	
1.719230764342962736e-01	2.360292500454884146e-01	5.920476735202153673e-01	
1.683135994256697299e-01	7.510426457461035765e-01	8.064375482822666585e-02	
2.970175394351606130e-02	2.726939657179460186e-01	6.976042803385379409e-01	
2.180121671815554163e-01	2.646165553856968944e-01	5.173712774327476893e-01	
1.391320462107217271e-01	3.091193608439999352e-01	5.517485929452783378e-01	
7.476719310185300227e-01	2.041012331114381573e-01	4.822683587003181310e-02	
1.249504541877743957e-01	8.052372065628256026e-01	6.981233924940004332e-02	
1.369139312570264999e-01	7.434378355312956099e-01	1.196482332116778763e-01	
1.576117135095350119e-01	2.477783818360918822e-01	5.946099046543731337e-01	
1.249555134168525844e-01	3.089518527552433391e-01	5.660926338279042014e-01	
2.174831174715330939e-01	6.847817673082892131e-01	9.773511522017755415e-02	
8.903170118894046525e-02	7.931572597248768286e-01	1.178110390861828172e-01	
1.089177824837340436e-01	7.978095644045453128e-01	9.327265311172061590e-02	
1.375325001685181459e-01	7.446936691700978272e-01	1.177738306613840824e-01	
1.902215910168960633e-01	1.297037030827105364e-01	6.800747059003934281e-01	
6.091997721011647993e-02	1.271950669334899753e-01	8.118849558563934199e-01	
1.857621601979784487e-01	7.065460703267846254e-01	1.076917694752368704e-01	
3.317140369157853819e-01	5.787631197516742709e-01	8.952284333254036108e-02	
5.557103259207633178e-02	2.192473799377701871e-01	7.251815874701534881e-01	
3.131728048240191020e-01	6.039634410641068207e-01	8.286375411187409112e-02	
1.080169141889036483e-01	1.351577071954649656e-01	7.568253786156314833e-01	
1.128908161721190462e-01	2.915603151334780763e-01	5.955488686944029331e-01	
1.354909117334950619e-01	1.841252824056154591e-01	6.803838058608895345e-01	
2.600110718391237530e-01	1.441468908834374063e-01	5.958420372774387852e-01	
9.293460788059401678e-02	2.172789256890982346e-01	6.897864664303077209e-01	
7.435931837961509139e-01	1.317145917661804444e-01	1.246922244376687111e-01	
1.259194621598133668e-01	2.212186789670659015e-01	6.528618588731207595e-01	
3.689032635369242641e-01	4.990332239690275506e-01	1.320635124940482963e-01	
1.067071786821420371e-01	7.119101563334908622e-01	1.813826649843670591e-01	
1.806654112819230662e-01	2.383218931443698563e-01	5.810126955737071608e-01	
2.038157501276775807e-01	7.028297824140598005e-01	9.335446745826260495e-02	
1.420867664983829215e-01	7.901753449845013710e-01	6.773788851711583237e-02	
2.307753930073477289e-01	1.818549995555365228e-01	5.873696074371156373e-01	
7.535977660610757023e-02	2.660284641264642480e-01	6.586117592674282095e-01	
1.013157430259311043e-01	1.828976036401511185e-01	7.157866533339177773e-01	
1.386501506611848566e-01	3.421053290536590352e-01	5.192445202851559971e-01	
1.587317143990953083e-01	3.517689469441254158e-01	4.894993386567792482e-01	
1.369099607973534583e-01	2.243701904074391906e-01	6.387198487952073789e-01	
2.415098926269729773e-01	1.149971427747149416e-01	6.434929645983120672e-01	
4.661247032375174237e-01	4.692957771153296043e-01	6.457951964715294424e-02	
1.670030462654124026e-01	2.345883193669994482e-01	5.984086343675881769e-01	
3.578882651838324186e-02	3.099388768560181195e-01	6.542722966255987149e-01	
8.368214255379546884e-02	1.637262059227524158e-01	7.525916515234520876e-01	
2.123654569853989371e-01	1.470946072305674701e-01	6.405399357840335650e-01	
1.743053943472581691e-01	1.649513286236875820e-01	6.607432770290542212e-01	
1.339957713592935529e-01	1.504421065263719381e-01	7.155621221143344535e-01	
1.353019178849123871e-01	7.603104663395309215e-01	1.043876157755568024e-01	
1.333476914610761122e-01	1.092059887342380214e-01	7.574463198046859080e-01	
1.434203427121412411e-01	1.507612706227949018e-01	7.058183866650639127e-01	
7.564600551334926815e-02	8.665688257652774673e-02	8.376971119101229712e-01	
2.371418327763302192e-01	6.677026695473533557e-01	9.515549767631648059e-02	
2.672699645755639009e-01	5.907800418839248557e-01	1.419499935405112712e-01	
1.793872194523572217e-01	2.395129627666723049e-01	5.810998177809704179e-01	
2.908807122735635950e-02	1.510873206949015779e-01	8.198246080777420453e-01	
2.114719460635306747e-01	2.773689288657812946e-01	5.111591250706880585e-01	
9.031922941351813727e-02	3.006789817456863023e-01	6.090017888407954771e-01	
5.248771324998630777e-02	2.028835767188131300e-01	7.446287100312004581e-01	
1.916145308538459435e-01	1.178922294217133043e-01	6.904932397244407660e-01	
2.676678392528853423e-01	5.798125716855175860e-01	1.525195890615970162e-01	
9.480131190533126750e-02	2.658781325922114358e-01	6.393205555024572551e-01	
1.064511401417874564e-01	2.450452533814596601e-01	6.485036064767527586e-01	
1.206935537298217398e-01	3.474927371178815338e-01	5.318137091522967541e-01	
2.132203933603264157e-01	1.442539391539228999e-01	6.425256674857506844e-01	
1.366846128012815798e-01	2.242722711707715033e-01	6.390431160279468337e-01	
1.085467106317969388e-01	2.924900154918427253e-01	5.989632738763603914e-01	
1.699759261341542704e-01	2.566532749331263963e-01	5.733707989327192500e-01	
1.465818084364374219e-01	2.376283878459967969e-01	6.157898037175657535e-01	
1.509696983320910069e-01	1.877309989564585058e-01	6.612993027114505429e-01	
1.870032932710610774e-01	7.741633744222626845e-01	3.883333230667620345e-02	
1.733556466295349818e-01	6.548621668703418219e-01	1.717821865001232240e-01	
1.545162367024462136e-01	9.439156533421369510e-02	7.510921979633401468e-01	
7.965788094391214325e-02	2.331146346562403271e-01	6.872274843998474880e-01	
1.087980104937162767e-01	1.434120706517326149e-01	7.477899188545511500e-01	
9.822369691926993718e-02	3.201243678526885517e-01	5.816519352280415944e-01	
9.843320062663211967e-02	2.198624911554762085e-01	6.817043082178917413e-01	
3.838366134193037515e-01	5.479562280064397273e-01	6.820715857425638240e-02	
1.614943404890460676e-01	1.500900629057359825e-01	6.884155966052178943e-01	
2.090381461350090120e-01	1.114870513102116656e-01	6.794748025547793224e-01	
2.297451579861120585e-01	2.256088575927977513e-01	5.446459844210901347e-01	
1.421531257548170335e-01	7.711764522503606889e-01	8.667042199482233311e-02	
8.630027508400683889e-02	7.166614550677435913e-01	1.970382698482495698e-01	
2.109545102847955045e-01	1.048737359597337743e-01	6.841717537554706796e-01	
3.321763209143253209e-02	3.359054104493177650e-01	6.308769574592497653e-01	
1.098679765348404974e-01	2.401352832594308984e-01	6.499967402057286181e-01	
1.883500136926753166e-01	2.108399383296914731e-01	6.008100479776332659e-01	
9.682473457740897738e-02	2.099852288682158841e-01	6.931900365543750553e-01	
2.742567640017418151e-02	3.314554664342929668e-01	6.411188571655327406e-01	
1.279388134041116176e-01	7.671681867101920460e-01	1.048929998856963780e-01	
1.131845267172573027e-01	6.941121115005659536e-01	1.927033617821766742e-01	
2.053632900043901310e-01	6.870854870218876531e-01	1.075512229737221881e-01	
1.174120666005919744e-01	7.476906501097579927e-01	1.348972832896501162e-01	
5.952682964587868719e-01	3.549781604476703323e-01	4.975354309354279581e-02	
1.939002680114922383e-01	3.408912983015996989e-01	4.652084336869080627e-01	
8.568460917001903543e-02	2.028022212384909262e-01	7.115131695914901355e-01	
3.885032081901065165e-02	1.481073566959226762e-01	8.130423224850668040e-01	
1.099274126014257585e-01	1.349659314011698030e-01	7.551066559974043413e-01	
2.130478603588839004e-01	2.133828231907663464e-01	5.735693164503498087e-01	
1.078955348400552627e-01	1.560880891558890093e-01	7.360163760040556724e-01	
2.645503570937143833e-01	6.506194055329056480e-01	8.483023737337984371e-02	
6.259092194838751511e-02	8.417018952117008013e-01	9.570718283991161424e-02	
1.476137488716058321e-01	1.544865469972969974e-01	6.978997041310972538e-01	
1.612089645068079669e-01	1.608132493693621712e-01	6.779777861238298620e-01	
1.573973599348420238e-01	6.898678055622772254e-01	1.527348345028807231e-01	
1.246045007982832242e-01	1.993201252742107243e-01	6.760753739275060514e-01	
1.273664668863001281e-01	6.860567505769763486e-01	1.865767825367234956e-01	
2.416250169322537722e-01	7.008028575760926193e-01	5.757212549165366400e-02	
1.183353254010474503e-01	1.634366736339326887e-01	7.182280009650199304e-01	
1.321748118892280832e-01	1.646923318565352568e-01	7.031328562542366045e-01	
2.128461587584051795e-01	1.410224775134059083e-01	6.461313637281889122e-01	
7.701515782459497639e-02	1.478103860868145991e-01	7.751744560885903690e-01	
4.318168876120460908e-02	2.627617478092517667e-01	6.940565634295436936e-01	
4.429190673576561404e-02	4.240564662022738296e-01	5.316516270619606743e-01	
1.191035779000314820e-01	1.575625481620658297e-01	7.233338739379027160e-01	
2.627994988344307115e-01	1.066434227633078907e-01	6.305570784022613839e-01	
1.144996853142066229e-01	1.503241188223983504e-01	7.351761958633949989e-01	
1.630464407127627524e-01	1.129391080195224772e-01	7.240144512677149091e-01	
1.719602332322259231e-02	2.361325266987740756e-01	7.466714499780033876e-01	
1.163062666366223158e-01	1.510526748175834433e-01	7.326410585457941993e-01	
1.638862746428144945e-01	7.191311135615841010e-01	1.169826117956015155e-01	
7.862338463053498983e-02	1.363764603421929456e-01	7.850001550272720507e-01	
1.151178686681043201e-01	3.583836454779597003e-01	5.264984858539359935e-01	
1.696533896289433019e-01	5.717587253253029189e-01	2.585878850457538070e-01	
1.612403257885992591e-01	2.527553902651122342e-01	5.860042839462884512e-01	
9.498012113386411492e-02	2.046019663912099218e-01	7.004179124749259078e-01	
6.376475953318060108e-02	1.323731660516135056e-01	8.038620744152058517e-01	
1.039900337051538198e-01	2.325769044105561456e-01	6.634330618842900762e-01	
1.321490184379540134e-01	2.655066215246710826e-01	6.023443600373749041e-01	
1.173477847953747072e-01	2.695179093040777074e-01	6.131343059005476270e-01	
9.439444980658255602e-02	1.486666307753192195e-01	7.569389194180980995e-01	
1.281396763355407697e-01	7.759063015823002285e-01	9.595402208215911277e-02	
8.646664994508802826e-02	1.974301665671744921e-01	7.161031834877374935e-01	
8.807703151343498904e-02	8.176350912499241730e-01	9.428787723664074083e-02	
1.028561253466292978e-02	4.409827350856536099e-01	5.487316523796834655e-01	
9.769774192710960203e-02	2.575430005640070297e-01	6.447592575088834099e-01	
6.414349410356046111e-02	2.136637890959467712e-01	7.221927168004926845e-01	
1.410821954086059205e-01	1.977080051684050876e-01	6.612097994229889641e-01	
2.504313294829116909e-01	1.573468138959706331e-01	5.922218566211177038e-01	
2.102445330330690032e-01	1.274564538482535481e-01	6.622990131186774487e-01	
1.564240165943623084e-01	1.489577330042379522e-01	6.946182504013996839e-01	
8.159962536918685672e-02	7.964895363319960397e-01	1.219108382988171313e-01	
2.112704345441111242e-01	2.161241001160854880e-01	5.726054653398033878e-01	
1.748700551208427489e-01	1.060917624209480048e-01	7.190381824582092740e-01	
6.827565850268446646e-02	2.152361635045149657e-01	7.164881779928005123e-01	
1.205418789856050610e-01	3.086247982845999327e-01	5.708333227297950341e-01	
1.519337727950688111e-01	2.748064717212286845e-01	5.732597554837024489e-01	
4.834141352129511793e-01	4.116700367101137070e-01	1.049158280769350998e-01	
2.163284165094319367e-01	7.030260122616112106e-01	8.064557122895683883e-02	
1.317827775821778513e-01	7.657011139976956926e-01	1.025161084201264977e-01	
1.368059821254226371e-01	2.406023606431984541e-01	6.225916572313788810e-01	
1.257924937167153312e-01	7.692050276811158716e-01	1.050024786021687279e-01	
8.601594122232043838e-02	2.097540409788086480e-01	7.042300177988709553e-01	
8.055827391193074449e-01	1.099597090133143940e-01	8.445755186737823050e-02	
1.147622245413471020e-01	2.208965059445368306e-01	6.643412695141159841e-01	
1.219890352782652676e-01	1.353424254326656140e-01	7.426685392890691739e-01	
1.053267767515173731e-01	1.823322064093107209e-01	7.123410168391718367e-01	
1.066390587959265140e-01	3.640507794279662090e-01	5.293101617761073463e-01	
7.311555910995411189e-02	3.227134006883258244e-01	6.041710402017200776e-01	
7.171082514332653979e-01	2.339589676133360940e-01	4.893278095339854972e-02	
2.933826364264116027e-01	6.239045500960268553e-01	8.271281347756147262e-02	
1.044179780076541220e-01	2.192516577521649301e-01	6.763303642401810034e-01	
8.489111263103553406e-02	7.626336192980662787e-01	1.524752680708982011e-01	
5.749916841340634716e-02	2.009233963019312896e-01	7.415774352846623563e-01	
1.358577724099262751e-01	7.979278532055764650e-01	6.621437438449723212e-02	
4.747862459670915136e-02	1.952736157165575470e-01	7.572477596867333016e-01	
2.463002971165286371e-03	7.623962123954007852e-01	2.351407846334338525e-01	
2.512287545076132278e-01	6.520929626716854832e-01	9.667828282070130286e-02	
1.565964710199719001e-01	7.357808495040351060e-01	1.076226794759930216e-01	
1.618432962630765304e-01	2.544798383710015210e-01	5.836768653659220041e-01	
1.574548510936318868e-01	3.483562449933587102e-01	4.941889039130094585e-01	
8.557743294631764419e-02	7.988837413729147352e-01	1.155388256807676622e-01	
1.892980995163612012e-01	2.013961001826672370e-01	6.093058003009715895e-01	
1.717149639534824579e-01	7.043473797016254201e-01	1.239376563448921498e-01	
1.702339287356934572e-01	1.645890379826636940e-01	6.651770332816427933e-01	
7.830858816210573004e-02	2.366781761341932855e-01	6.850132357037008735e-01	
1.489618338921257779e-01	3.262869446311394417e-01	5.247512214767346972e-01	
2.068876028056179650e-01	2.280193006433812730e-01	5.650930965510007065e-01	
9.570963855811016885e-02	2.007490703771560303e-01	7.035412910647337315e-01	
1.460405654604238213e-01	7.712980366026790380e-01	8.266139793689716853e-02	
6.513939171859538246e-02	8.095034444251490990e-01	1.253571638562555046e-01	
1.322710829177702052e-01	1.857062961365495146e-01	6.820226209456802247e-01	
1.152716310768855668e-01	8.313648706962424306e-01	5.336349822687197486e-02	
1.863503360811677445e-01	2.740177496183800465e-01	5.396319143004523200e-01	
1.060185820637784687e-01	1.699712498550149109e-01	7.240101680812066620e-01	
2.568744454609747305e-02	4.178865685239135930e-01	5.564259869299889028e-01	
3.397895660758036285e-01	5.804823335015238950e-01	7.972810042267251818e-02	
1.214303411828185492e-01	1.493922130921858937e-01	7.291774457249955432e-01	
6.807744446406120697e-02	2.602889057528918193e-01	6.716336497830469598e-01	
9.981493803008645305e-02	3.335847173864697202e-01	5.666003445834437713e-01	
1.108842626513820845e-01	3.565776322123211939e-01	5.325381051362967355e-01	
1.241504679378238191e-01	2.074314443162383614e-01	6.684180877459378056e-01	
2.086099825929700891e-01	6.237884654510672533e-01	1.676015519559625744e-01	
1.825396823196208385e-01	1.748459036058027938e-01	6.426144140745764233e-01	
1.362744953311890717e-01	1.890636909015981082e-01	6.746618137672129034e-01	
6.453858310675252008e-02	1.546568898403418990e-01	7.808045270529055948e-01	
6.946986167936418377e-02	1.458349679681197331e-01	7.846951703525161248e-01	
6.380392348596283791e-02	1.340496965081631187e-01	8.021463800058740157e-01	
3.592567885828732988e-01	5.794172411835675218e-01	6.132597023355917942e-02	
1.518376489559012110e-01	1.868952873875142084e-01	6.612670636565844973e-01	
1.662470204173909782e-01	2.501392977801157325e-01	5.836136818024931783e-01	
1.489273632019321170e-01	7.313225464801094144e-01	1.197500903179585519e-01	
3.088087967584398075e-01	5.430644899434994288e-01	1.481267132980608747e-01	
1.522518731699452899e-01	1.348377274491775746e-01	7.129103993808770801e-01	
1.632672127090098735e-01	2.852469635232979805e-01	5.514858237676921737e-01	
1.016696282312422456e-01	2.167481260337492943e-01	6.815822457350084740e-01	
1.577201887251251933e-01	1.956776404922808688e-01	6.466021707825939657e-01	
1.170427043960507174e-01	3.679884298732943870e-01	5.149688657306549233e-01	
8.236153949554843312e-02	1.686625441000614012e-01	7.489759164043900963e-01	
1.493185575817279620e-01	3.352123615871498985e-01	5.154690808311221950e-01	
3.856107015780209368e-02	8.591906462387725041e-01	1.022482836034255133e-01	
1.147834221081212025e-01	2.925260015344680609e-01	5.926905763574106256e-01	
3.064211535020842231e-02	3.399831455267829372e-01	6.293747391230086752e-01	
8.943965428297040443e-02	7.486713527728052764e-01	1.618889929442242359e-01	
1.462677325437757581e-01	1.840738057408014272e-01	6.696584617154228702e-01	
1.423083540478104758e-01	3.177171083184306966e-01	5.399745376337587999e-01	
2.444550045762181045e-01	1.134544866435986399e-01	6.420905087801831446e-01	
4.947067102618871864e-02	8.422716975605599732e-01	1.082576314132513151e-01	
1.952511464156154453e-01	1.536735706512921684e-01	6.510752829330923586e-01	
4.925279825487788310e-01	4.229149001133577501e-01	8.455711733786344664e-02	
2.712211682687127312e-01	2.114721392959454382e-01	5.173066924353417750e-01	
1.193761060122204565e-01	2.469666551862308990e-01	6.336572388015486723e-01	
1.532736713235168524e-01	3.089859840125337986e-01	5.377403446639493767e-01	
9.370831596730835877e-02	2.390107797268963274e-01	6.672809043057952305e-01	
1.858991974078279263e-02	1.442594097286261090e-01	8.371506705305911122e-01	
1.523735334688988141e-01	2.165042830837909937e-01	6.311221834473101922e-01	
1.543950199858358796e-01	7.200646060082936950e-01	1.255403740058703976e-01	
3.049676802799285991e-01	5.538576890358702931e-01	1.411746306842010523e-01	
1.189106385435398650e-01	1.777947526029576841e-01	7.032946088535024787e-01	
0.000000000000000000e+00	1.526552410111025604e-01	8.473447589888973841e-01	
1.204212692025322939e-01	2.935987157305633977e-01	5.859800150669043362e-01	
1.538444969748810343e-01	7.105423692987554718e-01	1.356131337263635217e-01	
1.376942689200327530e-01	6.931943454402766935e-01	1.691113856396906090e-01	
1.592454146563258583e-03	7.896595990987611557e-01	2.087479467546755063e-01	
1.326061798442235984e-01	1.867470013580929122e-01	6.806468187976835171e-01	
1.158379877206008879e-01	1.671676805261276544e-01	7.169943317532715410e-01	
1.218233671669307489e-01	1.492814135838021750e-01	7.288952192492671456e-01	
1.222135431941775707e-01	1.315014659344283521e-01	7.462849908713939939e-01	
1.658887392599376343e-01	2.323475109463414012e-01	6.017637497937210478e-01	
1.848610961806660402e-01	7.531371112413661750e-01	6.200179257796790272e-02	
1.024466367248628301e-01	3.563794396878169901e-01	5.411739235873201936e-01	
1.168587162718122546e-01	1.268955627114279894e-01	7.562457210167596866e-01	
1.284288907820032855e-01	1.926255766170996142e-01	6.789455326008970726e-01	
1.152663603989970559e-01	2.703216265757261150e-01	6.144120130252769263e-01	
1.507404454204613331e-01	1.700694299150657673e-01	6.791901246644728163e-01	
8.354313892781657647e-02	8.057663404304709065e-01	1.106905206417125864e-01	
5.266322007060731530e-02	3.228879150897249750e-01	6.244488648396676611e-01	
1.622318171572877943e-01	1.593599586157769255e-01	6.784082242269352525e-01	
4.445097994182545253e-02	2.959173468885840652e-01	6.596316731695903712e-01	
1.031910330555942945e-01	2.035422824267797692e-01	6.932666845176259640e-01	
8.702518240064256727e-02	1.664873574142604340e-01	7.464874601850969293e-01	
9.063798113246851473e-02	1.598366073057143899e-01	7.495254115618170676e-01	
1.847056579489363415e-01	7.478751259697897780e-01	6.741921608127375565e-02	
1.194138779965730063e-01	2.757677168675639612e-01	6.048184051358630464e-01	
6.595854416070751070e-02	4.087575107419743059e-01	5.252839450973181279e-01	
1.288583179983554816e-01	3.098772616697803572e-01	5.612644203318641889e-01	
1.070530096531843861e-01	2.986581724223019707e-01	5.942888179245136016e-01	
7.813590901667272215e-01	1.595865451062361828e-01	5.905436472703651241e-02	
8.445001135641225232e-02	8.414388154699385947e-01	7.411117317364915302e-02	
1.939087149971273905e-01	1.865478621101590850e-01	6.195434228927134690e-01	
9.427029408227648177e-02	7.791276643684725833e-01	1.266020415492508655e-01	
1.494926557773805231e-01	1.539174392784632417e-01	6.965899049441561797e-01	
2.032034262056870433e-01	1.119876192692537548e-01	6.848089545250590771e-01	
8.470481914488732500e-02	2.218835930149807845e-01	6.934115878401319044e-01	
1.612810715635324688e-01	3.145925391818673034e-01	5.241263892546003111e-01	
1.568017183466517972e-01	2.167749619181841003e-01	6.264233197351640747e-01	
1.067901774493637684e-01	4.741583361957147358e-01	4.190514863549215097e-01	
1.544423973102127534e-01	3.682402337546200055e-01	4.773173689351672966e-01	
1.359195560742623710e-01	3.499428586259444862e-01	5.141375852997931428e-01	
7.478820846314581106e-01	1.830224821177148520e-01	6.909543325082691256e-02	
8.455798696788320579e-02	1.298330775639846280e-01	7.856089354681320414e-01	
5.329478412031265488e-01	3.731425386247225195e-01	9.390962017215093161e-02	
9.143236414377518828e-02	8.170288837283057326e-01	9.153875212791905136e-02	
9.541091896053016663e-02	1.485308768944343383e-01	7.560582041450354396e-01	
1.179724655224547031e-01	3.151609269653600220e-01	5.668666075121852055e-01	
2.639698868052029468e-01	6.031700533229857886e-01	1.328600598718112091e-01	
1.091640850488552195e-01	2.525367994674477812e-01	6.382991154836969994e-01	
1.152214679043071510e-01	1.838743890546444826e-01	7.009041430410484219e-01	
1.281231177640730079e-01	1.560234029041512593e-01	7.158534793317757883e-01	
1.297297839801189179e-01	3.554406721784874601e-01	5.148295438413936775e-01	
1.857068435002978690e-01	1.337439898335965049e-01	6.805491666661056538e-01	
1.298167690967448329e-01	2.504737461148370814e-01	6.197094847884181412e-01	
7.335977478185447265e-02	1.989852090171217724e-01	7.276550162010237965e-01	
7.731237985512809385e-02	1.370930034839976386e-01	7.855946166608742676e-01	
2.497926885657896223e-01	2.181777508954710898e-01	5.320295605387392879e-01	
1.779234966867898615e-01	1.965979397893783953e-01	6.254785635238317987e-01	
8.855074177719843287e-02	2.480848406862743438e-01	6.633644175365271956e-01	
7.831758800355330397e-02	1.622124922899408350e-01	7.594699197065059026e-01	
4.246287454261525596e-02	1.657777467817690142e-01	7.917593786756157437e-01	
7.268140796847413765e-02	2.305569952534015921e-01	6.967615967781243258e-01	
2.341632367843489992e-01	1.717670295651818890e-01	5.940697336504692228e-01	
8.518386604071376267e-02	7.675559162616938380e-01	1.472602176975923161e-01	
3.575145598946137537e-02	3.379040355860284950e-01	6.263445084245100603e-01	
1.118102521104349795e-01	3.589829943580760685e-01	5.292067535314890492e-01	
9.414696050166541930e-02	2.839602611130537801e-01	6.218927783852807867e-01	
1.620562262846993729e-01	3.847067188968761320e-01	4.532370548184244119e-01	
1.598387096451007461e-01	1.559274435513052226e-01	6.842338468035940036e-01	
1.218436182692895220e-01	1.887714949177794199e-01	6.893848868129311969e-01	
9.943095668528544040e-02	1.077197705782999282e-01	7.928492727364147008e-01	
1.585912014906839251e-01	1.071595662629815787e-01	7.342492322463344268e-01	
1.133911654352968423e-01	1.551595389480442955e-01	7.314492956166588344e-01	
1.025481864714174324e-01	3.106474493814794235e-01	5.868043641471031302e-01	
1.317615907486663074e-01	7.900416500768686623e-01	7.819675917446503033e-02	
2.774685902173321672e-01	6.099342919108172723e-01	1.125971178718504495e-01	
2.616440479251558870e-01	1.890178253938547548e-01	5.493381266809893582e-01	
1.794911371314666382e-01	3.420967129527642814e-01	4.784121499157691360e-01	
1.262163597110298741e-01	2.140881445754128920e-01	6.596954957135572339e-01	
7.558406447763490466e-01	1.446855860009683969e-01	9.947376922268252875e-02	
1.618228499175098367e-01	2.110492926360883481e-01	6.271278574464017597e-01	
1.749976356043947689e-01	6.565090711164918158e-01	1.684932932791134430e-01	
1.237992408976419934e-01	1.597347034588879888e-01	7.164660556434701011e-01	
9.029675176257016822e-02	2.221798769985346422e-01	6.875233712388952867e-01	
2.825236004332370987e-02	1.526239215957450879e-01	8.191237183609311190e-01	
5.704845435146841393e-01	3.243318579273283264e-01	1.051835985579875760e-01	
1.170915883537308605e-01	2.141280199241323012e-01	6.687803917221368799e-01	
8.767371479035239445e-02	7.505895113596500190e-01	1.617367738499975172e-01	
1.299510716169927915e-01	7.757459397898567310e-01	9.430298859315049131e-02	
7.326391029788101306e-02	1.868422152458704688e-01	7.398938744562484349e-01	
4.759710503965007278e-01	4.636235196343957976e-01	6.040542996910345380e-02	
1.123462259295187338e-01	1.587274784984464837e-01	7.289262955720346993e-01	
3.433041341244937317e-01	5.553646210233392777e-01	1.013312448521669351e-01	
1.106048214682094077e-01	1.447037559864384759e-01	7.446914225453520331e-01	
6.773633446881558440e-01	2.460936716137182845e-01	7.654298369812592706e-02	
9.943529175905843620e-02	1.295577503646718753e-01	7.710069578762697162e-01	
1.640793935575117490e-01	6.999273935542298375e-01	1.359932128882583580e-01	
7.115560745671331566e-02	2.797245638651530419e-01	6.491198286781336702e-01	
1.401785025398094575e-01	2.497127972463267787e-01	6.101087002138636528e-01	
1.431106574232207107e-01	1.415799964643777165e-01	7.153093461124016006e-01	
9.382237000654670978e-02	1.845350614368401199e-01	7.216425685566131287e-01	
7.271486572396093084e-01	2.209215186135788100e-01	5.192982414681180520e-02	
8.047878120188978190e-02	1.258346896332751541e-01	7.936865291648350640e-01	
1.829536152693934381e-01	1.339106795042314946e-01	6.831357052263751228e-01	
7.009767186338174139e-02	1.700720740484096272e-01	7.598302540882085898e-01	
5.190802035082239113e-02	1.639391889171508687e-01	7.841527907320268165e-01	
1.341011817983565335e-01	2.819561130958209150e-01	5.839427051058226903e-01	
5.309095175581142467e-02	1.514384403062366269e-01	7.954706079379518791e-01	
2.284324396625527775e-01	6.566988881148357882e-01	1.148686722226115037e-01	
1.009617466780262374e-01	8.153729061866555883e-01	8.366534713531806333e-02	
1.785143601633530919e-01	1.507989639806854576e-01	6.706866758559614228e-01	
3.033596432820669792e-02	2.297327478762203057e-01	7.399312877955729340e-01	
1.821600567715921659e-01	2.756996069201622102e-01	5.421403363082455407e-01	
2.156004088418393139e-01	6.808976176706680317e-01	1.035019734874926961e-01	
1.160756934484256792e-01	1.953760985283899410e-01	6.885482080231843938e-01	
9.498609335368649043e-02	1.550148354915681648e-01	7.499990711547454003e-01	
7.961880208176087825e-02	1.956166276040835206e-01	7.247645703141555318e-01	
2.326604006491739540e-01	6.363780232039539797e-01	1.309615761468720663e-01	
8.112042012742221031e-02	2.535496741029890644e-01	6.653299057695888363e-01	
3.109259807329026182e-01	5.937423460858439750e-01	9.533167318125329581e-02	
1.368628421141945550e-01	7.872471275632235699e-01	7.589003032258180570e-02	
6.694403876395901842e-02	1.668139027923682405e-01	7.662420584436726578e-01	
1.122863164021970644e-01	2.944966669998308473e-01	5.932170165979721022e-01	
1.176551773439857840e-01	1.611920585120116822e-01	7.211527641440025338e-01	
1.083777560146947788e-01	1.619085960117518097e-01	7.297136479735533143e-01	
1.116079603237109946e-01	1.176311076864386268e-01	7.707609319898504063e-01	
1.142039502843114895e-01	1.972631193691162799e-01	6.885329303465722584e-01	
9.490998542486682454e-02	1.645145671560304945e-01	7.405754474191027503e-01	
3.740791905438275999e-02	2.541364085442150977e-01	7.084556724014021700e-01	
1.338839847749412615e-01	1.462811196894756860e-01	7.198348955355831080e-01	
7.654042223588419791e-02	2.962855253479172446e-01	6.271740524161986130e-01	
1.317544375377147636e-01	2.691093203096192599e-01	5.991362421526660320e-01	
5.593385433573978549e-01	3.587441463563001975e-01	8.191731028630186429e-02	
4.064613759634450596e-01	4.672255754735134547e-01	1.263130485630414024e-01	
1.412385565462926096e-01	1.961473969294246500e-01	6.626140465242826849e-01	
1.216634418864838141e-01	2.455303309138953949e-01	6.328062271996207633e-01	
1.247629474832281649e-01	1.348809649108256847e-01	7.403560876059461782e-01	
2.371661024523731010e-01	2.141801030879127987e-01	5.486537944597140726e-01	
1.409539773932080853e-01	2.535529758723968907e-01	6.054930467343950795e-01	
2.648825818449263569e-01	6.261624710700619545e-01	1.089549470850116747e-01	
0.000000000000000000e+00	2.044770478187636631e-01	7.955229521812363647e-01	
6.704312923363051069e-02	3.766700302905450770e-01	5.562868404758243290e-01	
6.752668624901567163e-02	3.494529387786533547e-01	5.830203749723309459e-01	
1.077862210793689296e-01	2.858656583607739887e-01	6.063481205598570956e-01	
1.660977952089776888e-01	3.201789697469016871e-01	5.137232350441206519e-01	
2.379619720241770986e-01	6.373435876401123412e-01	1.246944403357105741e-01	
1.305059110399682532e-01	7.367890913033408040e-01	1.327049976566908873e-01	
1.721178974659705874e-01	3.400477713142686653e-01	4.878343312197607196e-01	
1.611910475874127335e-01	1.373055370497461847e-01	7.015034153628412206e-01	
5.288401221069797403e-02	1.505029787427558940e-01	7.966130090465460833e-01	
1.432150318404146749e-01	1.315258158946799039e-01	7.252591522649054490e-01	
8.408305193662685140e-02	1.538353520840224642e-01	7.620815959793506567e-01	
1.228329241325537002e-01	2.732905140616122552e-01	6.038765618058340445e-01	
1.667263910584947939e-01	2.260068550812915078e-01	6.072667538602137816e-01	
1.215399515758805032e-01	2.750898062129740196e-01	6.033702422111456576e-01	
1.183710195742042059e-01	1.374882367795821903e-01	7.441407436462136316e-01	
2.433297890774575312e-01	2.026348305063719046e-01	5.540353804161706197e-01	
8.353270751039143516e-02	1.155324117900708714e-01	8.009348806995376657e-01	
1.314080948167340168e-01	7.472699652449881214e-01	1.213219399382779035e-01	
1.310312494530996574e-01	7.737422629256145434e-01	9.522648762128571587e-02	
1.374775312538337735e-01	3.087018665827445663e-01	5.538206021634217713e-01	
1.624020520321194649e-01	2.958211376000004500e-01	5.417768103678800573e-01	
4.985358319844671593e-01	3.948090007752271258e-01	1.066551672403056455e-01	
1.533833860307279862e-01	7.365442398185199080e-01	1.100723741507521058e-01	
1.171737460357637206e-01	3.231061142012831566e-01	5.597201397629532060e-01	
6.794971207758428999e-01	1.896345859824519475e-01	1.308682932417051525e-01	
1.556256883130925084e-01	2.092286397236390871e-01	6.351456719632684322e-01	
6.111803176234657797e-02	1.601287074850130665e-01	7.787532607526403972e-01	
6.028928507878256876e-02	2.918683191310621483e-01	6.478423957901553454e-01	
1.812902352304832099e-01	1.813233766107772427e-01	6.373863881587394919e-01	
2.678108563815925769e-01	6.409776929796004996e-01	9.121145063880703452e-02	
4.283359365218274983e-01	5.145463698726151502e-01	5.711769360555726815e-02	
1.436853297931139639e-01	2.000549492597205326e-01	6.562597209471655590e-01	
1.706863352780923215e-01	7.364151824495369647e-01	9.289848227237068601e-02	
1.334588746843244911e-01	2.970963179619308114e-01	5.694448073537446975e-01	
1.725763269266070155e-01	1.755040815752482442e-01	6.519195914981448237e-01	
1.663932800915224608e-01	1.789468098137634022e-01	6.546599100947141370e-01	
1.418004125011815553e-01	9.735057597528104512e-02	7.608490115235374551e-01	
1.947602635401317062e-01	1.471995885604369114e-01	6.580401478994314379e-01	
7.644654460212051139e-02	3.025047233461130580e-01	6.210487320517664722e-01	
8.219036870077944248e-04	2.587288108914809204e-01	7.404492854215112274e-01	
3.258010789188975354e-02	2.858745049537282923e-01	6.815453871543819542e-01	
5.066180503366417287e-02	3.082185472152693118e-01	6.411196477510665570e-01	
1.265225857056992975e-01	1.056359659936123019e-01	7.678414483006883451e-01	
1.428384223994615121e-01	3.095145066548402046e-01	5.476470709456982000e-01	
1.305418012794737903e-01	1.720444024965848695e-01	6.974137962239415067e-01	
1.204352225449064825e-02	2.846184267479600072e-01	7.033380509975494244e-01	
