
5.436310028881803369e-01	3.771045640027645418e-01	7.926443310905516293e-02	
5.961376729406578923e-01	3.923776975699454495e-01	1.148462948939658890e-02	
2.939165050202692808e-01	4.700220392573796202e-01	2.360614557223510435e-01	
4.160743885018308164e-01	5.009826749845714966e-01	8.294293651359771480e-02	
2.951447037678748275e-01	4.316938770828420702e-01	2.731614191492831023e-01	
4.477932021371086591e-01	1.650437957700995328e-01	3.871630020927917526e-01	
5.271837393434208874e-01	4.034211781220666260e-01	6.939508253451244502e-02	
2.393631952885482417e-01	3.144460182142990168e-01	4.461907864971526583e-01	
5.436946742803039356e-01	1.672280093952481506e-01	2.890773163244480526e-01	
5.514817975751379331e-01	4.485182024248621224e-01	0.000000000000000000e+00	
4.385016751578039718e-01	4.511351295651422344e-01	1.103631952770536828e-01	
4.715760491729574788e-01	5.284239508270426322e-01	0.000000000000000000e+00	
2.127353959636546776e-01	4.476941018925814086e-01	3.395705021437639415e-01	
5.144512164810867150e-01	2.223306928174717534e-01	2.632180907014414206e-01	
5.669374483466677050e-01	3.164776655701602714e-01	1.165848860831720651e-01	
3.132489520894355395e-01	3.079438310578521132e-01	3.788072168527122918e-01	
3.997385659293907212e-01	6.002614340706093898e-01	0.000000000000000000e+00	
5.390859978516658879e-01	4.609140021483340566e-01	0.000000000000000000e+00	
6.252767415551393482e-01	1.003546307607888627e-01	2.743686276840718308e-01	
5.076639105400179153e-01	3.416878057155817161e-01	1.506482837444005074e-01	
3.617121481158387386e-01	5.470842116533252142e-01	9.120364023083608884e-02	
2.853046444988729391e-01	7.146953555011271719e-01	0.000000000000000000e+00	
7.186979086184676069e-01	2.813020913815323931e-01	0.000000000000000000e+00	
3.048334114017002272e-01	6.220551436217817143e-01	7.311144497651810015e-02	
2.604930602869883205e-01	3.199038982725291302e-01	4.196030414404825493e-01	
3.965591948961467161e-01	4.510097236891164596e-01	1.524310814147367410e-01	
5.613598666410476445e-01	4.386401333589523555e-01	0.000000000000000000e+00	
4.104400705266976757e-01	4.703539232043006391e-01	1.192060062690015187e-01	
2.228462202996960850e-01	3.523243239959359396e-01	4.248294557043679753e-01	
5.023129594889326199e-01	2.450154603031373113e-01	2.526715802079301243e-01	
5.378462905936668426e-01	4.570743037535843212e-01	5.079405652748865754e-03	
4.202568099542259294e-01	5.797431900457741261e-01	0.000000000000000000e+00	
5.144886545942496392e-01	1.145550764361981666e-01	3.709562689695520832e-01	
4.264070357036402470e-01	4.951052763912134336e-01	7.848768790514626392e-02	
4.604161030700420487e-01	4.991175561183072151e-01	4.046634081165067370e-02	
3.424489987125180490e-01	4.574438729363839440e-01	2.001071283510979237e-01	
6.928985035937109682e-01	3.045597266714091256e-01	2.541769734879913145e-03	
2.961223267214870281e-01	5.190547303630046461e-01	1.848229429155082704e-01	
5.356814828225909819e-01	4.643185171774090736e-01	0.000000000000000000e+00	
2.614340810544003024e-01	6.815160636324468779e-01	5.704985531315291680e-02	
2.860585473251401334e-01	7.139414526748598666e-01	0.000000000000000000e+00	
4.966087515227339266e-01	5.033912484772661289e-01	0.000000000000000000e+00	
4.428899593733693907e-01	5.571100406266304983e-01	0.000000000000000000e+00	
2.750738058968558164e-01	6.062090764698317980e-01	1.187171176333122330e-01	
5.540945424180516721e-01	3.408096862501677760e-01	1.050957713317804965e-01	
5.196797233611087918e-01	4.803202766388910416e-01	0.000000000000000000e+00	
3.608257180105428619e-01	3.953533136152099225e-01	2.438209683742471046e-01	
4.815187394320048497e-01	2.774530888760392000e-01	2.410281716919560890e-01	
5.246094044863348627e-01	2.752012751592339268e-01	2.001893203544312105e-01	
6.108704207704346301e-01	3.384157080633666270e-01	5.071387116619862495e-02	
5.073461132396175355e-01	4.926538867603825755e-01	0.000000000000000000e+00	
6.090489318142464636e-01	3.909510681857536474e-01	0.000000000000000000e+00	
4.662295487763967183e-01	5.027435901813575025e-01	3.102686104224576871e-02	
4.317212900559287414e-01	3.859411634570921179e-01	1.823375464869792240e-01	
4.241859247189836424e-01	2.935863738483462382e-01	2.822277014326700639e-01	
3.621248004743130022e-01	5.667453638461351639e-01	7.112983567955188935e-02	
5.886100318410572019e-01	3.983050342043764069e-01	1.308493395456635823e-02	
4.626403437228738258e-01	5.250367275840185366e-01	1.232292869310768618e-02	
4.224693805454097228e-01	4.039946854374373841e-01	1.735359340171528375e-01	
5.001512810033967860e-01	3.929719963173212149e-01	1.068767226792820130e-01	
4.890148149394596966e-01	5.109851850605402479e-01	0.000000000000000000e+00	
2.085012263453245029e-01	2.376269168892960748e-01	5.538718567653794222e-01	
4.070405121254710434e-01	4.480599825325412566e-01	1.448995053419878387e-01	
4.904090634272085802e-01	2.475978875158486026e-01	2.619930490569428727e-01	
4.341736293326419194e-01	5.358008702756010821e-01	3.002550039175683194e-02	
6.588407592160806514e-01	3.411592407839194041e-01	0.000000000000000000e+00	
1.941347729975829717e-01	4.055125688332686940e-01	4.003526581691483344e-01	
3.329117013987967222e-02	5.469497056721118744e-01	4.197591241880084256e-01	
3.781646086264919826e-01	5.291010558458678625e-01	9.273433552764008547e-02	
2.903590689704994565e-01	2.397080538847292663e-01	4.699328771447713327e-01	
4.059184648073355106e-01	5.364212508174498462e-01	5.766028437521470568e-02	
6.496508605226232191e-01	3.503491394773767809e-01	0.000000000000000000e+00	
5.306904085593361353e-01	4.693095914406638092e-01	0.000000000000000000e+00	
6.556855839828414911e-01	3.443144160171585089e-01	0.000000000000000000e+00	
4.148186214967595764e-01	5.846310734595742131e-01	5.503050436661318648e-04	
1.737992005563817333e-01	5.405123428072963199e-01	2.856884566363220856e-01	
4.564701611130146941e-01	4.343422651760965314e-01	1.091875737108888300e-01	
4.065991369831943869e-01	4.170414216941373819e-01	1.763594413226683422e-01	
4.619051805654913467e-01	4.026868422395192826e-01	1.354079771949894817e-01	
5.341628233006325832e-01	2.016939135691678264e-01	2.641432631301995348e-01	
5.265636827085292682e-01	4.734363172914706763e-01	0.000000000000000000e+00	
3.447395172114892103e-01	2.269298822157536089e-01	4.283306005727571253e-01	
4.726021115722783272e-01	3.945177056607939714e-01	1.328801827669276181e-01	
4.468862627160881118e-01	1.826611883488004628e-01	3.704525489351113698e-01	
2.404455919414099085e-01	3.406800764008804383e-01	4.188743316577095976e-01	
3.930357234211438455e-01	3.555241946244184215e-01	2.514400819544376775e-01	
4.744145580090259329e-01	4.331991392839940058e-01	9.238630270697999192e-02	
3.770103246077383674e-01	6.229896753922616881e-01	0.000000000000000000e+00	
5.102803157194718553e-01	4.897196842805280337e-01	0.000000000000000000e+00	
4.497659715786004875e-01	4.005951761072384931e-01	1.496388523141609916e-01	
4.404148715044372553e-01	2.956512469390948916e-01	2.639338815564678531e-01	
2.694968268302019854e-01	5.800970616819070003e-01	1.504061114878910144e-01	
5.004973499741627307e-01	4.419271837408395021e-01	5.757546628499776720e-02	
2.346738025366174873e-01	5.230686763648224602e-01	2.422575210985600802e-01	
3.906707211339295327e-01	4.757777170711775527e-01	1.335515617948929146e-01	
3.382495769285522869e-01	2.811460350014293175e-01	3.806043880700183402e-01	
4.385221192086430353e-01	4.859152224501099848e-01	7.556265834124685499e-02	
4.171804039586888835e-01	5.828195960413110610e-01	0.000000000000000000e+00	
5.683379941268182911e-01	4.011500138364498258e-01	3.051199203673196983e-02	
2.842948602026174054e-01	7.157051397973825946e-01	0.000000000000000000e+00	
5.050379354297410694e-01	3.846692079995040481e-01	1.102928565707547298e-01	
3.898132442305297096e-01	5.539620095797421762e-01	5.622474618972803789e-02	
4.988741512214622253e-01	4.672516679258102990e-01	3.387418085272741325e-02	
5.110112025370002753e-01	4.802603319529980541e-01	8.728465510001726102e-03	
5.120340164119188131e-01	4.879659835880811314e-01	0.000000000000000000e+00	
7.154010494006793897e-01	2.845989505993206659e-01	0.000000000000000000e+00	
4.686262443688667401e-01	2.460612300544225695e-01	2.853125255767106627e-01	
2.981966080513946404e-01	5.058152866766675304e-01	1.959881052719378569e-01	
3.903000411714374618e-01	5.158457202521634644e-01	9.385423857639903222e-02	
4.767179034176643460e-01	5.076972038565218392e-01	1.558489272581381653e-02	
2.664642275770928714e-01	5.734005114816215221e-01	1.601352609412855510e-01	
5.871403162340024240e-01	3.755729802182518617e-01	3.728670354774574897e-02	
5.393775602805900293e-01	3.977310520356778789e-01	6.289138768373209176e-02	
5.284284984653954131e-01	4.187657337498557619e-01	5.280576778474888044e-02	
5.211190922826941518e-01	1.946352267085152965e-01	2.842456810087905517e-01	
4.651448774603622049e-01	4.428215573391655613e-01	9.203356520047219214e-02	
6.723118615078478300e-01	3.276881384921520590e-01	0.000000000000000000e+00	
4.115236679910033724e-01	5.752660213986524607e-01	1.321031061034413749e-02	
2.679238828368288861e-01	4.934012038967761637e-01	2.386749132663948669e-01	
5.122568878480366905e-01	2.291226775978771613e-01	2.586204345540861760e-01	
3.283696391499656975e-01	2.995487786542033737e-01	3.720815821958309844e-01	
4.574323906847924115e-01	5.425676093152076440e-01	0.000000000000000000e+00	
4.234816264748328951e-01	5.270534074227786192e-01	4.946496610238854813e-02	
4.348500173626651533e-01	2.303458836951670363e-01	3.348040989421677827e-01	
3.089801874228258471e-01	3.779543254290944621e-01	3.130654871480797463e-01	
4.983042721510378414e-01	2.580639692839328814e-01	2.436317585650293605e-01	
4.441673373115733736e-01	1.716133263717584956e-01	3.842193363166682141e-01	
5.352554083419963638e-01	4.647445916580036362e-01	0.000000000000000000e+00	
3.137374566755562477e-01	3.373202966780387557e-01	3.489422466464049410e-01	
3.387664815645850536e-01	3.597578752486001452e-01	3.014756431868147457e-01	
1.825411381609268191e-01	5.112342846663399110e-01	3.062245771727332699e-01	
5.355771203144538140e-01	4.088887057348908893e-01	5.553417395065530365e-02	
5.104339779792873566e-01	1.670825780018648510e-01	3.224834440188479312e-01	
4.854587734658141196e-01	3.839176302799688911e-01	1.306235962542170448e-01	
4.684370849020407235e-01	5.315629150979592765e-01	0.000000000000000000e+00	
6.297424127984110331e-01	2.933759949287862989e-01	7.688159227280259855e-02	
6.461550782553707739e-01	3.538449217446292816e-01	0.000000000000000000e+00	
4.401310634172989622e-01	4.009141239757446629e-01	1.589548126069563472e-01	
1.076937619596548545e-01	4.774701395003853044e-01	4.148360985399598966e-01	
4.197554547599503527e-01	4.819171610052200849e-01	9.832738423482972889e-02	
1.230537828415216861e-01	4.072337631087949994e-01	4.697124540496832035e-01	
6.221483752688590219e-01	1.086602323871617565e-01	2.691913923439793188e-01	
5.608509507569483521e-01	3.623633087060755265e-01	7.678574053697623247e-02	
3.840910475881253450e-01	2.853452386378437788e-01	3.305637137740309872e-01	
4.454602700572772300e-01	2.807986118495482963e-01	2.737411180931744181e-01	
5.402837949939661710e-01	4.437711074667013977e-01	1.594509753933237572e-02	
3.580672972631516182e-01	4.232223805147971030e-01	2.187103222220513066e-01	
4.008194021207823754e-01	4.796874922182098877e-01	1.194931056610078063e-01	
5.138371097649219177e-01	3.708050006580999036e-01	1.153578895769781648e-01	
4.419239812300164716e-01	5.580760187699834729e-01	0.000000000000000000e+00	
5.010800694247731224e-01	4.657429725250464281e-01	3.317695805018043564e-02	
6.053201956485140256e-01	3.946798043514859189e-01	0.000000000000000000e+00	
2.287168773478956973e-01	5.771481372268698617e-01	1.941349854252344131e-01	
6.960286579053289735e-01	2.910715216520094462e-01	1.289982044266154218e-02	
3.926870341383855711e-01	5.471757831387294990e-01	6.013718272288486044e-02	
5.232287552766053951e-01	4.761893614643327721e-01	5.818832590618208764e-04	
6.434560821712522749e-01	3.565439178287476696e-01	0.000000000000000000e+00	
4.916197771820294271e-01	5.083802228179704619e-01	0.000000000000000000e+00	
6.149928592094979773e-01	3.579792847998438665e-01	2.702785599065805552e-02	
3.978220646637729008e-01	2.895314426244417483e-01	3.126464927117854065e-01	
4.107956895513188988e-01	3.661916859910885336e-01	2.230126244575925953e-01	
3.889906652777880836e-01	5.430751968162246257e-01	6.793413790598738788e-02	
7.596237878694935830e-01	2.097942738765389559e-01	3.058193825396754786e-02	
4.166788445141247355e-01	2.719685330525514200e-01	3.113526224333237336e-01	
2.085492594612348705e-01	3.411930430679870341e-01	4.502576974707780399e-01	
5.959290292827432722e-01	3.893180582688717251e-01	1.475291244838511026e-02	
5.236246291395616481e-01	3.788498331858898838e-01	9.752553767454848199e-02	
7.254430181253391785e-01	2.745569818746607660e-01	0.000000000000000000e+00	
3.988956213778455107e-01	6.011043786221544893e-01	0.000000000000000000e+00	
3.792042621568200156e-01	4.769751605302546271e-01	1.438205773129252185e-01	
5.319424180112790612e-01	4.680575819887208833e-01	0.000000000000000000e+00	
2.104590101479903996e-01	3.091204666436629389e-01	4.804205232083466615e-01	
3.595055344573905298e-01	6.228317644547212151e-01	1.766270108788822388e-02	
2.784147716376669801e-01	7.215852283623330754e-01	0.000000000000000000e+00	
4.079782112520110582e-01	5.160739464783007380e-01	7.594784226968821772e-02	
5.659994958189199510e-01	4.340005041810801045e-01	0.000000000000000000e+00	
5.205669963422703272e-01	4.217835184144702043e-01	5.764948524325946150e-02	
3.420423885571290956e-01	6.579576114428709044e-01	0.000000000000000000e+00	
4.793972167424385145e-01	3.939798643462363859e-01	1.266229189113249887e-01	
4.769148727936612930e-01	5.230851272063385959e-01	0.000000000000000000e+00	
4.201091908918810902e-01	4.638185907599417512e-01	1.160722183481771308e-01	
4.115328423232075816e-01	4.504745903805162377e-01	1.379925672962760419e-01	
4.935655097964143923e-01	1.609840315370062724e-01	3.454504586665793076e-01	
5.848309296389591072e-01	4.125344823663256166e-01	2.634587994715260114e-03	
3.208424051940078070e-01	3.900713385326699534e-01	2.890862562733222951e-01	
5.099337184363496034e-01	4.130509704009994176e-01	7.701531116265104837e-02	
3.919930968022438678e-01	5.119858672470837258e-01	9.602103595067233710e-02	
2.566424981672559280e-01	7.433575018327441830e-01	0.000000000000000000e+00	
2.289200473266983227e-01	5.429702562817073641e-01	2.281096963915943965e-01	
5.037124280125043763e-01	4.962875719874956237e-01	0.000000000000000000e+00	
6.139701015178241628e-01	3.860298984821757817e-01	0.000000000000000000e+00	
2.651905146359634924e-01	7.175067611537683243e-01	1.730272421026808269e-02	
4.965977342445963005e-01	1.758297056428216876e-01	3.275725601125820119e-01	
3.583532098173358160e-01	2.836111404724869223e-01	3.580356497101772617e-01	
7.114689347232356909e-01	2.885310652767643091e-01	0.000000000000000000e+00	
2.602700109147871310e-01	7.352903761454596676e-01	4.439612939753262953e-03	
4.797491094789940180e-01	4.941946900305853596e-01	2.605620049042063624e-02	
5.900750040485691628e-01	3.043237834028508781e-01	1.056012125485799175e-01	
2.469020542948905939e-01	6.467704643144649435e-01	1.063274813906445321e-01	
3.873078573597025787e-01	4.660289132587036587e-01	1.466632293815937904e-01	
5.217860743937410284e-01	1.916448327433469823e-01	2.865690928629120449e-01	
5.147759187068182696e-01	1.709073182104046962e-01	3.143167630827771175e-01	
5.219973835074624979e-01	1.443353752542388957e-01	3.336672412382984954e-01	
3.898695316112282261e-01	1.845505707357641967e-01	4.255798976530076883e-01	
2.917217707577693941e-01	5.866963570745038492e-01	1.215818721677267567e-01	
4.861114315787715134e-01	5.138885684212284310e-01	0.000000000000000000e+00	
3.233639309617175606e-01	6.766360690382824394e-01	0.000000000000000000e+00	
4.731870108611446746e-01	3.931331306639802015e-01	1.336798584748752072e-01	
4.399650617865616953e-01	4.677770034002068367e-01	9.225793481323132927e-02	
7.156751492314861185e-01	2.843248507685138815e-01	0.000000000000000000e+00	
4.449253838390527238e-01	4.197821919279285385e-01	1.352924242330188487e-01	
3.163168287992900729e-01	3.899136698807573742e-01	2.937695013199524974e-01	
2.886008777299946537e-01	4.382551180618511344e-01	2.731440042081543229e-01	
5.094089330509409264e-01	4.905910669490590181e-01	0.000000000000000000e+00	
5.036046035629884177e-01	4.963953964370115823e-01	0.000000000000000000e+00	
3.577465361871481342e-01	1.799209660521186027e-01	4.623324977607332631e-01	
4.031216743490825261e-01	4.530779958882913960e-01	1.438003297626260224e-01	
5.465001080623435037e-01	1.871424788130212624e-01	2.663574131246353449e-01	
4.738768782860620643e-01	3.725861980552175323e-01	1.535369236587204034e-01	
4.703488692981993013e-01	5.296511307018008097e-01	0.000000000000000000e+00	
5.134891772396187326e-01	4.865108227603813784e-01	0.000000000000000000e+00	
6.801908914576955123e-01	3.198091085423044877e-01	0.000000000000000000e+00	
5.032231744804606111e-01	4.858802835675283815e-01	1.089654195201095015e-02	
4.460428630345899537e-01	4.016238901615263868e-01	1.523332468038836596e-01	
4.517616787408458845e-01	5.037618254634401715e-01	4.447649579571381212e-02	
3.914572570446540611e-01	4.498982090868920980e-01	1.586445338684538409e-01	
5.917839972666180115e-01	4.082160027333820440e-01	0.000000000000000000e+00	
4.135629164528286661e-01	4.999710358532697962e-01	8.646604769390153766e-02	
6.356066368452641946e-01	3.643933631547357499e-01	0.000000000000000000e+00	
4.688610235021519190e-01	5.308904172351588402e-01	2.485592626892005005e-04	
4.726283527335576329e-01	5.143629190442250421e-01	1.300872822221717240e-02	
2.638229788851228497e-01	3.638619591967361400e-01	3.723150619181409549e-01	
5.573341534844560297e-01	4.046909713671624775e-01	3.797487514838149281e-02	
4.584093031030570531e-01	4.598785156715584077e-01	8.171218122538453921e-02	
5.476298179916782027e-01	2.445788972534178873e-01	2.077912847549038544e-01	
4.034145376072126310e-01	5.172027691959322215e-01	7.938269319685506420e-02	
5.123680546256023094e-01	4.712887137203056742e-01	1.634323165409203027e-02	
4.428182267415285978e-01	3.942251103859017447e-01	1.629566628725696298e-01	
4.357457367312531082e-01	4.552591911719339746e-01	1.089950720968129311e-01	
5.054507312871451274e-01	3.254480926275812314e-01	1.691011760852737800e-01	
4.160335007791873818e-01	4.822183370647656342e-01	1.017481621560471367e-01	
4.160551007703287563e-01	4.827653973356514361e-01	1.011795018940197521e-01	
5.214341390435266455e-01	2.652844437977651681e-01	2.132814171587081864e-01	
4.471416740854250449e-01	5.358047020180297659e-01	1.705362389654518571e-02	
3.011514166922036884e-01	3.908911966321548803e-01	3.079573866756414313e-01	
5.603681074873394508e-01	4.396318925126605492e-01	0.000000000000000000e+00	
5.547667255059810509e-01	3.952765899621734080e-01	4.995668453184561042e-02	
5.570813537082670575e-01	3.610379864757050083e-01	8.188065981602805909e-02	
5.310665102595265585e-01	3.913781851702552439e-01	7.755530457021816981e-02	
5.738727734436627204e-01	4.001061167077925029e-01	2.602110984854476630e-02	
6.191484643156578427e-01	3.808515356843421573e-01	0.000000000000000000e+00	
6.895543418840298644e-01	2.832547383446050171e-01	2.719091977136508381e-02	
3.601449777530059126e-01	2.348442386410625193e-01	4.050107836059315125e-01	
5.857138131364691969e-01	3.652862051381683961e-01	4.899998172536251112e-02	
3.978617445926811991e-01	4.755936911301200665e-01	1.265445642771987622e-01	
3.782102661530372667e-01	4.394399836001172122e-01	1.823497502468454379e-01	
5.582866989379590139e-01	4.335936866201229312e-01	8.119614441918110437e-03	
4.639508452949027140e-01	5.360491547050971750e-01	0.000000000000000000e+00	
1.874269433931489981e-01	4.737380676507311761e-01	3.388349889561198536e-01	
4.913193925747230129e-01	1.824873708614049017e-01	3.261932365638721687e-01	
4.727931999730261570e-01	2.149975318686532522e-01	3.122092681583205631e-01	
2.326689948606484315e-01	7.673310051393515963e-01	0.000000000000000000e+00	
4.705267900350381116e-01	1.843547353040947412e-01	3.451184746608672027e-01	
3.486334644439397223e-01	6.513665355560603887e-01	0.000000000000000000e+00	
2.896365232509289234e-01	4.698387545296626167e-01	2.405247222194085432e-01	
3.821167427253953641e-01	5.349441405652047843e-01	8.293911670939990710e-02	
4.544135744037470226e-01	4.211579763500680196e-01	1.244284492461849301e-01	
4.165230264332668852e-01	5.679309893067160386e-01	1.554598426001704836e-02	
5.066615787537287474e-01	4.933384212462712526e-01	0.000000000000000000e+00	
2.501490923978928471e-01	7.498509076021071529e-01	0.000000000000000000e+00	
3.282925627118441492e-01	5.135748628958398676e-01	1.581325743923160665e-01	
3.187966465766296498e-01	4.285562247638272648e-01	2.526471286595431409e-01	
4.776304407357381820e-01	5.030737261190629805e-01	1.929583314519871598e-02	
3.805879607465338932e-01	2.714232670444021722e-01	3.479887722090639346e-01	
3.506331050145138906e-01	4.317964341328167643e-01	2.175704608526692341e-01	
4.820043257780292079e-01	3.000543684558499846e-01	2.179413057661206687e-01	
5.000656202520397109e-01	4.999343797479602336e-01	0.000000000000000000e+00	
5.069063073882383863e-01	2.017052856878080724e-01	2.913884069239536245e-01	
2.248045084326115162e-01	4.307397990189030801e-01	3.444556925484854037e-01	
2.895803064267526428e-01	3.260595957045933635e-01	3.843600978686539937e-01	
5.506899550422492684e-01	4.493100449577506761e-01	0.000000000000000000e+00	
5.143344618762989429e-01	4.856655381237009461e-01	0.000000000000000000e+00	
3.395906059839564062e-01	2.535108852427084281e-01	4.068985087733352213e-01	
7.013497446451281148e-01	2.986502553548718852e-01	0.000000000000000000e+00	
2.518019346985314599e-01	3.729581917509767752e-01	3.752398735504917648e-01	
5.203001576093005953e-01	4.796998423906994047e-01	0.000000000000000000e+00	
2.423066075593902913e-01	7.576933924406097365e-01	0.000000000000000000e+00	
4.715335103662612326e-01	4.353272710304719184e-01	9.313921860326680735e-02	
5.988447564679769686e-01	3.773834619482268060e-01	2.377178158379639542e-02	
5.506076267602328933e-01	3.864342744967295129e-01	6.295809874303760767e-02	
3.798886383187828897e-01	3.526531267657899149e-01	2.674582349154271954e-01	
3.021458019828280883e-01	3.666715204292168573e-01	3.311826775879550544e-01	
4.262198052991876818e-01	5.737801947008124293e-01	0.000000000000000000e+00	
4.025052603043132171e-01	4.367659370467442681e-01	1.607288026489423760e-01	
4.821255459380226482e-01	4.988407881345580663e-01	1.903366592741933053e-02	
4.100934030645218553e-01	4.512763850188770687e-01	1.386302119166011315e-01	
2.946255343801491566e-01	5.636174829693668675e-01	1.417569826504840869e-01	
2.309110877623606617e-01	4.994360301351463138e-01	2.696528821024929967e-01	
4.792569193778073999e-01	4.057055756410099523e-01	1.150375049811826478e-01	
4.915793583478672013e-01	4.589167062316478196e-01	4.950393542048502765e-02	
6.443781757599296167e-01	3.556218242400703833e-01	0.000000000000000000e+00	
3.977272215462155924e-01	4.997242454403022505e-01	1.025485330134821710e-01	
3.937335133984176672e-01	6.062664866015823328e-01	0.000000000000000000e+00	
2.449862638134933379e-01	2.358849280050691888e-01	5.191288081814374733e-01	
5.408997279554967896e-01	4.591002720445032104e-01	0.000000000000000000e+00	
2.861116885369218710e-01	3.576184039336087750e-01	3.562699075294694095e-01	
3.095558195340811225e-01	4.238341831304603957e-01	2.666099973354584818e-01	
5.058852862286423724e-01	4.909162126240113055e-01	3.198501147346363271e-03	
2.910466028008301675e-01	4.087894986578273770e-01	3.001638985413425109e-01	
5.117238162960077164e-01	2.941567461799775018e-01	1.941194375240147540e-01	
3.828412865934024412e-01	6.171587134065975588e-01	0.000000000000000000e+00	
3.749559678729039724e-01	4.578006772831669235e-01	1.672433548439292150e-01	
3.711124613489113488e-01	2.165044869360759627e-01	4.123830517150125496e-01	
2.251810138387641269e-01	3.383933398196681819e-01	4.364256463415678855e-01	
5.227987759805603485e-01	4.261877596353761954e-01	5.101346438406360179e-02	
4.735726690575278175e-01	4.894351324539446546e-01	3.699219848852754872e-02	
3.323054905922338542e-01	6.676945094077662013e-01	0.000000000000000000e+00	
3.179517672678021101e-01	5.901536204284200116e-01	9.189461230377792000e-02	
4.423708166208263348e-01	4.600033095221747192e-01	9.762587385699884879e-02	
3.343321513095101061e-01	5.313934805721028942e-01	1.342743681183871107e-01	
4.748398628813723099e-01	5.251601371186277456e-01	0.000000000000000000e+00	
5.320141991431003303e-01	1.015049700549860434e-01	3.664808308019136818e-01	
5.437980315850430291e-01	4.413590075497478837e-01	1.484296086520905077e-02	
5.037700473537407575e-01	4.962299526462591315e-01	0.000000000000000000e+00	
4.539489433316095668e-01	2.237101810127245238e-01	3.223408756556658261e-01	
4.882446291396739246e-01	4.643494752933912117e-01	4.740589556693479423e-02	
4.780844876189616621e-01	5.219155123810382824e-01	0.000000000000000000e+00	
7.430079663501948373e-01	2.569920336498052182e-01	0.000000000000000000e+00	
6.181495349496751723e-01	1.235736363735425308e-01	2.582768286767822552e-01	
3.960437348528619284e-01	5.545395408418539729e-01	4.941672430528403631e-02	
2.369685658864866817e-01	4.341899634774633032e-01	3.288414706360500706e-01	
4.606435771217401443e-01	5.393564228782598002e-01	0.000000000000000000e+00	
3.750176148266821663e-01	5.110317148806293730e-01	1.139506702926884607e-01	
5.627217604085930081e-01	4.372782395914069919e-01	0.000000000000000000e+00	
3.814741344963604730e-01	5.393585269325050779e-01	7.916733857113440742e-02	
4.033403577804671736e-01	4.779536966085432548e-01	1.187059456109895023e-01	
5.183508467460715696e-01	3.169977498011385952e-01	1.646514034527898629e-01	
6.107067090150484212e-01	1.507122450835931271e-01	2.385810459013583962e-01	
2.194692484020251133e-01	2.905666706277236777e-01	4.899640809702512367e-01	
4.405450746199562340e-01	5.287754485813700445e-01	3.067947679867375974e-02	
4.223514609265822672e-01	4.092684958886044222e-01	1.683800431848133106e-01	
4.781980507083725129e-01	5.218019492916273760e-01	0.000000000000000000e+00	
2.780220674532943304e-01	3.097286481443620176e-01	4.122492844023436520e-01	
2.317386860613829813e-01	2.789304270683145015e-01	4.893308868703025727e-01	
3.529653189253988965e-01	3.092885507786425348e-01	3.377461302959585687e-01	
3.615620200612219004e-01	6.384379799387781551e-01	0.000000000000000000e+00	
5.412115492199274236e-01	4.274098242865480013e-01	3.137862649352461675e-02	
5.096080933455529038e-01	4.903919066544470962e-01	0.000000000000000000e+00	
4.572666512475738188e-01	3.770373520045491866e-01	1.656959967478769946e-01	
6.103183754180353526e-01	3.294434832285274561e-01	6.023814135343713572e-02	
5.538726908803091042e-01	1.744203634911510592e-01	2.717069456285397533e-01	
3.354235923958814869e-01	6.268137326861186187e-01	3.776267491799997766e-02	
4.506955826536906962e-01	3.407490850359478629e-01	2.085553323103613577e-01	
3.078885665517961945e-01	6.921114334482038055e-01	0.000000000000000000e+00	
4.426005274798490152e-01	5.552102061546657641e-01	2.189266365485302221e-03	
4.489985075272544535e-01	5.510014924727455465e-01	0.000000000000000000e+00	
3.916190730512848495e-01	2.687023621537895646e-01	3.396785647949256415e-01	
4.941153198967817572e-01	4.857537080959504205e-01	2.013097200726777711e-02	
4.398333769140369554e-01	4.976135212722236911e-01	6.255310181373936740e-02	
4.110509082933997971e-01	5.251960212978267206e-01	6.375307040877355169e-02	
4.339138870149910621e-01	4.832998258845023765e-01	8.278628710050675577e-02	
3.437558304909922313e-01	6.117617480142144570e-01	4.448242149479322144e-02	
4.680621726107892511e-01	4.646256390863577890e-01	6.731218830285294608e-02	
5.042050583542764253e-01	2.597188857657404260e-01	2.360760558799832598e-01	
4.270221790058416622e-01	4.831489519357908269e-01	8.982886905836753866e-02	
4.165807286151422817e-01	5.217705628142697005e-01	6.164870857058787901e-02	
4.221743262816561315e-01	5.284943217600446275e-01	4.933135195829916470e-02	
4.129328423472272136e-01	5.654099203611646640e-01	2.165723729160797667e-02	
2.779171559696312910e-01	5.030885363362308516e-01	2.189943076941377187e-01	
2.906871480497720261e-01	4.796183848411047501e-01	2.296944671091231405e-01	
4.802879679201543239e-01	5.197120320798457316e-01	0.000000000000000000e+00	
3.845702263200329596e-01	2.324428587038760152e-01	3.829869149760910529e-01	
5.162886540133110325e-01	4.168619184577302961e-01	6.684942752895864371e-02	
6.754622722347943808e-01	3.245377277652056747e-01	0.000000000000000000e+00	
5.087209030245155583e-01	4.480144538120633957e-01	4.326464316342108762e-02	
6.153825270230310895e-01	3.846174729769688549e-01	0.000000000000000000e+00	
4.874113061765861787e-01	4.143201632851608585e-01	9.826853053825290729e-02	
3.990095293764207018e-01	4.913709928003043848e-01	1.096194778232748857e-01	
5.787695815218670825e-01	4.212304184781329175e-01	0.000000000000000000e+00	
5.681634099960767292e-01	4.318365900039232708e-01	0.000000000000000000e+00	
2.555754758923365899e-01	4.720306849196078680e-01	2.723938391880555976e-01	
3.144633848238992391e-01	3.661153916929329455e-01	3.194212234831677599e-01	
1.780143176537090921e-01	5.896917622313734286e-01	2.322939201149174793e-01	
3.529100027086706781e-01	3.327369264754288514e-01	3.143530708159004705e-01	
5.960211267658920287e-01	3.477367447138836609e-01	5.624212852022417858e-02	
5.383530195698149612e-01	4.564368271478214112e-01	5.210153282363501857e-03	
2.263972513000204190e-01	3.661240797945595205e-01	4.074786689054200051e-01	
3.446617658662676775e-01	6.553382341337322670e-01	0.000000000000000000e+00	
3.676653830651598898e-01	6.323346169348401657e-01	0.000000000000000000e+00	
3.993476552269470958e-01	5.047596032784484876e-01	9.589274149460425001e-02	
3.646311059502612140e-01	5.066429879604997799e-01	1.287259060892389506e-01	
4.559540084179255492e-01	3.802654289779836549e-01	1.637805626040908236e-01	
5.263837646500825196e-01	4.437348733513253873e-01	2.988136199859210348e-02	
4.048826336798535541e-01	5.951173663201463349e-01	0.000000000000000000e+00	
4.139986870292826082e-01	4.031120305218255928e-01	1.828892824488917157e-01	
7.018910851983461985e-01	2.581177633475562061e-01	3.999115145409759542e-02	
4.962503587413401029e-01	3.782269502745649881e-01	1.255226909840949923e-01	
3.330681318109657840e-01	6.669318681890341605e-01	0.000000000000000000e+00	
2.763191828633693725e-01	5.684512240983154996e-01	1.552295930383149614e-01	
4.855890385622541050e-01	4.670896342194101880e-01	4.732132721833575556e-02	
2.577792959682272400e-01	7.422207040317728710e-01	0.000000000000000000e+00	
3.983984569593955194e-01	6.016015430406043141e-01	0.000000000000000000e+00	
3.718838455613959204e-01	1.550039569357108682e-01	4.731121975028930726e-01	
4.375554408441386101e-01	5.624445591558614455e-01	0.000000000000000000e+00	
5.146840667846687145e-01	4.565066086081598362e-01	2.880932460717131743e-02	
4.533155836798517524e-01	5.107862780075024256e-01	3.589813831264581506e-02	
6.626013160280077585e-01	3.373986839719921305e-01	0.000000000000000000e+00	
5.464033520472751926e-01	4.535966479527248629e-01	0.000000000000000000e+00	
5.270491167540133359e-01	3.905321401300553830e-01	8.241874311593117008e-02	
4.962910334715880945e-01	3.874857074382944133e-01	1.162232590901173396e-01	
5.485781752215528329e-01	4.514218247784472227e-01	0.000000000000000000e+00	
4.621629300625261227e-01	4.240482474029940163e-01	1.137888225344798193e-01	
4.286411974952613058e-01	5.713588025047386942e-01	0.000000000000000000e+00	
4.785583505479321653e-01	2.477673026394897615e-01	2.736743468125780732e-01	
3.573219535195047980e-01	2.711596864604418622e-01	3.715183600200533398e-01	
3.773405229114593085e-01	6.226594770885406360e-01	0.000000000000000000e+00	
5.683568991309301266e-01	3.465572434843287031e-01	8.508585738474117033e-02	
4.707884235376351145e-01	5.292115764623649410e-01	0.000000000000000000e+00	
2.231910385514004613e-01	5.008172661062014752e-01	2.759916953423982022e-01	
2.075168389887004361e-01	7.182301635449184207e-01	7.425299746638115705e-02	
1.989644105541653607e-01	2.875933792300411351e-01	5.134422102157935042e-01	
4.692097071592911672e-01	4.911955328903140905e-01	3.959475995039475615e-02	
3.671228142882768108e-01	6.328771857117230226e-01	0.000000000000000000e+00	
4.862504440445624687e-01	4.781621598476174517e-01	3.558739610782017670e-02	
2.361648826906878884e-01	4.229473874208929951e-01	3.408877298884190887e-01	
4.254171994545182245e-01	4.600412504917836820e-01	1.145415500536979686e-01	
3.587871699464512121e-01	1.680954048493651376e-01	4.731174252041837613e-01	
4.712070880522738481e-01	1.945111308396254846e-01	3.342817811081005841e-01	
2.304844808600879091e-01	7.541109473024485421e-01	1.540457183746350711e-02	
2.268077795277581576e-01	5.368405427416782505e-01	2.363516777305637306e-01	
3.668523661870958241e-01	5.557250601043449700e-01	7.742257370855924747e-02	
2.098494246699460497e-01	4.715169640600969103e-01	3.186336112699570400e-01	
3.795586290220086534e-01	5.377901923966400544e-01	8.265117858135133388e-02	
3.021174041910478780e-01	3.970968947100838586e-01	3.007857010988683744e-01	
4.518229408550542003e-01	3.969752748698470723e-01	1.512017842750988383e-01	
2.548450097232632938e-01	2.490522406818361234e-01	4.961027495949004718e-01	
4.136426331026127334e-01	5.288923669958255358e-01	5.746499990156175852e-02	
5.110412341741663589e-01	4.392309682067300769e-01	4.972779761910360585e-02	
4.428416170179003686e-01	3.898370839581141722e-01	1.673212990239854037e-01	
3.922914977471735898e-01	4.702272120348796602e-01	1.374812902179466667e-01	
2.148804316555638916e-01	5.900286459860227817e-01	1.950909223584132990e-01	
4.856078406125223790e-01	4.646643247934165166e-01	4.972783459406116685e-02	
4.953349748757160942e-01	4.264562522630332975e-01	7.820877286125058059e-02	
5.167089841253823534e-01	3.655142301339909805e-01	1.177767857406267354e-01	
2.650249178709354059e-01	6.051629580664218411e-01	1.298121240626426975e-01	
4.727046740391650514e-01	4.374961923245188067e-01	8.979913363631619738e-02	
5.246249675633053444e-01	4.044995084196956192e-01	7.087552401699893923e-02	
4.086250055387493640e-01	2.671841205150072840e-01	3.241908739462433520e-01	
2.700327586658293200e-01	4.309342522681270382e-01	2.990329890660436973e-01	
4.632017888211172885e-01	5.367982111788827115e-01	0.000000000000000000e+00	
5.005331904981620283e-01	4.101892165268524737e-01	8.927759297498551183e-02	
6.149200960613464551e-01	3.850799039386536560e-01	0.000000000000000000e+00	
2.991592619923411078e-01	3.510238860465925148e-01	3.498168519610662663e-01	
3.298907621391029554e-01	3.639316072353986353e-01	3.061776306254982982e-01	
2.706781770995105307e-01	5.825390016722709063e-01	1.467828212282185074e-01	
2.725252225127642314e-01	6.014103990806595190e-01	1.260643784065761941e-01	
2.661039313340602397e-01	3.441929564972531774e-01	3.897031121686865274e-01	
2.965288906139896818e-01	5.751394205170393681e-01	1.283316888689709223e-01	
3.729518898274045702e-01	3.352215086270782796e-01	2.918266015455169837e-01	
4.242919219980656464e-01	3.090079394778451616e-01	2.667001385240892475e-01	
4.743237664864610736e-01	4.892033568089320661e-01	3.647287670460686027e-02	
4.939667253625578680e-01	4.383472045394378735e-01	6.768607009800428620e-02	
4.665634332762331193e-01	5.334365667237668251e-01	0.000000000000000000e+00	
4.131874754550616258e-01	4.437751692932282443e-01	1.430373552517102964e-01	
4.255876323892635038e-01	3.439048707083826595e-01	2.305074969023536979e-01	
3.072222892372087344e-01	6.927777107627912656e-01	0.000000000000000000e+00	
3.236977483594491445e-01	5.310953560910570692e-01	1.452068955494938141e-01	
3.027444307723120009e-01	4.814833269992617737e-01	2.157722422284261976e-01	
5.103026474614842378e-01	4.694214253002157444e-01	2.027592723829991367e-02	
4.661027137250827179e-01	5.109424521909350370e-01	2.295483408398231451e-02	
7.244405608093376081e-01	2.459728212944467807e-01	2.958661789621564939e-02	
2.362851768683740528e-01	4.378670517136023510e-01	3.258477714180235685e-01	
1.689720480938018410e-01	4.471511880758057278e-01	3.838767638303924867e-01	
4.220054871241138428e-01	4.781272096944900185e-01	9.986730318139613871e-02	
6.441393763285904184e-01	3.399312121140464216e-01	1.592941155736307679e-02	
5.045860832402154772e-01	4.954139167597846338e-01	0.000000000000000000e+00	
6.652879934605353540e-01	3.347120065394646460e-01	0.000000000000000000e+00	
3.740582487246649768e-01	5.639154939814992051e-01	6.202625729383578340e-02	
2.924773678673291410e-01	3.846892596579008505e-01	3.228333724747699529e-01	
4.812610639446130989e-01	4.784608153380039974e-01	4.027812071738283428e-02	
4.412540784525339488e-01	5.315950718125718177e-01	2.715084973489416062e-02	
4.992343805251024391e-01	4.633043794770988488e-01	3.746123999779882308e-02	
4.286249632978801904e-01	5.713750367021197540e-01	0.000000000000000000e+00	
5.333629722678699947e-01	4.290678884640526936e-01	3.756913926807740195e-02	
2.946114798053350303e-01	3.314730808970397513e-01	3.739154392976251073e-01	
4.311172243159050455e-01	2.203147314252150712e-01	3.485680442588798833e-01	
4.690476453049586270e-01	5.309523546950413175e-01	0.000000000000000000e+00	
3.263576094042586195e-01	5.205666313825519920e-01	1.530757592131894163e-01	
3.086402161057023585e-01	4.440248638846112650e-01	2.473349200096865153e-01	
4.510499666607287739e-01	5.489500333392711706e-01	0.000000000000000000e+00	
5.351803251440997444e-01	4.282841969303242124e-01	3.653547792557609170e-02	
4.203545524228234354e-01	4.666191290161456062e-01	1.130263185610309584e-01	
4.574496093078547765e-01	4.514811214290579966e-01	9.106926926308715753e-02	
5.052184781838572336e-01	4.947815218161427664e-01	0.000000000000000000e+00	
5.488204840841237608e-01	3.902110694923232037e-01	6.096844642355298688e-02	
4.312500045394169201e-01	4.022737992658456108e-01	1.664761961947375246e-01	
2.866843578271586757e-01	4.378677701604489769e-01	2.754478720123923474e-01	
3.763651971591060463e-01	2.210952558360252118e-01	4.025395470048687141e-01	
4.412619721337225909e-01	1.690219022262374471e-01	3.897161256400399898e-01	
4.204577065647688294e-01	5.259035237958671338e-01	5.363876963936394654e-02	
5.543263019314128570e-01	4.343518465907227899e-01	1.132185147786430798e-02	
2.018649322187704986e-01	4.495275544258858780e-01	3.486075133553435679e-01	
5.916344130030544157e-01	1.692435291158326249e-01	2.391220578811129038e-01	
5.208188704992292584e-01	4.489892683854997957e-01	3.019186111527097024e-02	
3.284059922800250941e-01	4.269517138073433138e-01	2.446422939126316753e-01	
4.783433313748144955e-01	4.687308048204019140e-01	5.292586380478345176e-02	
3.823695934549977693e-01	4.167895677553761780e-01	2.008408387896260250e-01	
4.580183327893375678e-01	5.005998517768528444e-01	4.138181543380954619e-02	
4.352596729159648459e-01	5.413817909163802788e-01	2.335853616765497937e-02	
4.095987612936901057e-01	3.090097134509453558e-01	2.813915252553645385e-01	
1.538941710457027434e-01	5.992904478081445552e-01	2.468153811461528124e-01	
4.501734780078731069e-01	3.573689153686600561e-01	1.924576066234668648e-01	
2.759698337618122221e-01	4.105139179483897061e-01	3.135162482897980718e-01	
4.910667449647574956e-01	4.983209791324437199e-01	1.061227590279882442e-02	
4.954751377627927278e-01	4.303415024028645064e-01	7.418335983434275194e-02	
4.547679931290243283e-01	4.627214890095568411e-01	8.251051786141877509e-02	
4.808457384814165403e-01	3.647400114563539852e-01	1.544142500622295855e-01	
2.802562998189485621e-01	4.035274471474150082e-01	3.162162530336364297e-01	
5.619463396536719113e-01	3.748762718102005009e-01	6.317738853612767103e-02	
4.297104402643417420e-01	4.791792046263599891e-01	9.111035510929822723e-02	
4.628722369204012477e-01	5.017865995452687189e-01	3.534116353433008895e-02	
4.696081885518756383e-01	5.218892479725865119e-01	8.502563475537881083e-03	
5.637073640118237527e-01	3.112586500581372428e-01	1.250339859300389489e-01	
5.218330298396418598e-01	4.781669701603581402e-01	0.000000000000000000e+00	
4.653441875881662582e-01	5.346558124118337973e-01	0.000000000000000000e+00	
3.749961573710193785e-01	5.835595158501272195e-01	4.144432677885349914e-02	
