
0.000000000000000000e+00	1.931162318716824200e-01	8.068837681283175245e-01		
0.000000000000000000e+00	2.840157791119028996e-01	7.159842208880971004e-01	
1.206289084334814798e-01	0.000000000000000000e+00	8.793710915665184924e-01	
0.000000000000000000e+00	3.150222366892283660e-02	9.684977763310771426e-01	
0.000000000000000000e+00	1.000000000000000000e+00	0.000000000000000000e+00	
0.000000000000000000e+00	1.000000000000000000e+00	0.000000000000000000e+00	
0.000000000000000000e+00	2.042601338047685122e-01	7.957398661952315155e-01	
3.445881403593532011e-01	6.554118596406467434e-01	0.000000000000000000e+00	
0.000000000000000000e+00	9.002791491628174825e-01	9.972085083718254528e-02	
7.285957939401570445e-03	1.716384271755152235e-01	8.210756148850831826e-01	
1.919371487992203029e-01	0.000000000000000000e+00	8.080628512007795861e-01	
4.394440206896768619e-02	1.868763835454729794e-01	7.691792143855593622e-01	
2.703833171140836988e-01	7.292625960055306722e-01	3.540868803856043003e-04	
7.158970725172018532e-03	9.928410292748279797e-01	0.000000000000000000e+00	
0.000000000000000000e+00	0.000000000000000000e+00	1.000000000000000000e+00	
3.679979300646122886e-01	6.320020699353877669e-01	0.000000000000000000e+00	
3.880773517632633059e-03	2.266346073486167647e-04	9.958925918750188844e-01	
0.000000000000000000e+00	3.093905583976631068e-01	6.906094416023368376e-01	
8.320838566463904795e-02	9.167916143353609382e-01	0.000000000000000000e+00	
0.000000000000000000e+00	1.676679475375971451e-01	8.323320524624029382e-01	
0.000000000000000000e+00	3.987995774316464848e-02	9.601200422568354487e-01	
1.552377420960035677e-02	0.000000000000000000e+00	9.844762257903997282e-01	
1.524576838428883495e-02	1.296480586162617465e-01	8.551061729994493543e-01	
3.193895273991241568e-02	0.000000000000000000e+00	9.680610472600875704e-01	
1.509360279583812636e-01	8.490639720416186531e-01	0.000000000000000000e+00	
2.325832010517437515e-03	9.976741679894824966e-01	0.000000000000000000e+00	
0.000000000000000000e+00	4.800807265266067436e-02	9.519919273473392840e-01	
0.000000000000000000e+00	0.000000000000000000e+00	1.000000000000000000e+00	
7.236570425469211754e-02	9.273859073893292448e-01	2.483883559785936561e-04	
0.000000000000000000e+00	1.000000000000000000e+00	0.000000000000000000e+00	
0.000000000000000000e+00	3.203653820257091889e-01	6.796346179742908111e-01	
0.000000000000000000e+00	2.864378863040427659e-01	7.135621136959571231e-01	
0.000000000000000000e+00	1.000000000000000000e+00	0.000000000000000000e+00	
5.900524242317270939e-04	0.000000000000000000e+00	9.994099475757681761e-01	
0.000000000000000000e+00	0.000000000000000000e+00	1.000000000000000000e+00	
0.000000000000000000e+00	2.315753179426038588e-01	7.684246820573961134e-01	
1.736465046288949640e-03	3.244202726763805722e-01	6.738432622773306013e-01	
7.777499746512026579e-01	2.216858778971581567e-01	5.641474516391876146e-04	
1.169571383814132495e-03	0.000000000000000000e+00	9.988304286161858725e-01	
8.819861398919730819e-04	4.399264132313098208e-01	5.591916006287981356e-01	
9.719518882197578091e-02	0.000000000000000000e+00	9.028048111780241358e-01	
3.633191454374865665e-04	3.788989615899071017e-01	6.207377192646553743e-01	
0.000000000000000000e+00	0.000000000000000000e+00	1.000000000000000000e+00	
0.000000000000000000e+00	0.000000000000000000e+00	1.000000000000000000e+00	
0.000000000000000000e+00	2.459059534274784797e-01	7.540940465725215480e-01	
1.681233093489146666e-02	2.102259994725166614e-01	7.729616695925919378e-01	
2.548007603073215634e-03	0.000000000000000000e+00	9.974519923969268342e-01	
5.469725033055521102e-02	9.451756515863556363e-01	1.270980830892196089e-04	
9.701879007164649141e-03	9.902981209928353179e-01	0.000000000000000000e+00	
0.000000000000000000e+00	3.396911076491165860e-01	6.603088923508834140e-01	
0.000000000000000000e+00	2.351705376968021566e-01	7.648294623031979267e-01	
0.000000000000000000e+00	2.661908592435063836e-01	7.338091407564936164e-01	
0.000000000000000000e+00	2.385684497635191526e-01	7.614315502364807919e-01	
0.000000000000000000e+00	1.509840112357581920e-01	8.490159887642417802e-01	
0.000000000000000000e+00	1.000000000000000000e+00	0.000000000000000000e+00	
0.000000000000000000e+00	3.372555813136458580e-01	6.627444186863541420e-01	
0.000000000000000000e+00	1.107189989665504637e-01	8.892810010334495363e-01	
1.598046181014670386e-01	0.000000000000000000e+00	8.401953818985329336e-01	
1.450857619345612614e-03	1.750287539258203956e-03	9.967988548413961869e-01	
0.000000000000000000e+00	1.606428522220858524e-01	8.393571477779142587e-01	
3.607061723419218466e-04	1.651582825524051598e-02	9.831234655724175875e-01	
1.483839480541757072e-01	8.516160519458243483e-01	0.000000000000000000e+00	
0.000000000000000000e+00	1.193466050250778093e-01	8.806533949749222323e-01	
0.000000000000000000e+00	1.000000000000000000e+00	0.000000000000000000e+00	
4.620809534463546364e-03	2.440060923605439080e-01	7.513730981049926427e-01	
1.810024431540491544e-02	0.000000000000000000e+00	9.818997556845950880e-01	
4.708904215203329469e-01	5.291095784796669976e-01	0.000000000000000000e+00	
1.000000000000000000e+00	0.000000000000000000e+00	0.000000000000000000e+00	
0.000000000000000000e+00	2.041224150440405227e-01	7.958775849559595050e-01	
2.580733907114669545e-01	7.416553989388205981e-01	2.712103497124856684e-04	
5.651691745706057153e-03	2.367000217050490296e-01	7.576482865492448759e-01	
8.952955952691831962e-03	1.717724192544999584e-01	8.192746247928083259e-01	
9.718756584077996904e-05	2.423850296941250926e-01	7.575177827400341179e-01	
9.930725960804893601e-03	2.076660449260486208e-01	7.824032291131464145e-01	
4.950974991396884205e-03	0.000000000000000000e+00	9.950490250086031496e-01	
7.131692896922359193e-01	2.787566724494364712e-01	8.074037858327786504e-03	
0.000000000000000000e+00	0.000000000000000000e+00	1.000000000000000000e+00	
1.718593751343720222e-01	7.647489248830000030e-02	7.516657323773280330e-01	
0.000000000000000000e+00	0.000000000000000000e+00	1.000000000000000000e+00	
0.000000000000000000e+00	7.912164002400613461e-01	2.087835997599385984e-01	
1.721574021652721304e-02	3.320735952295830306e-03	9.794635238311769632e-01	
8.293482917797315168e-02	9.170651708220268761e-01	0.000000000000000000e+00	
0.000000000000000000e+00	3.602083386676578625e-02	9.639791661332341999e-01	
0.000000000000000000e+00	1.000000000000000000e+00	0.000000000000000000e+00	
2.096895885691981987e-01	7.903104114308019401e-01	0.000000000000000000e+00	
0.000000000000000000e+00	1.000000000000000000e+00	0.000000000000000000e+00	
1.082166225728690007e-01	0.000000000000000000e+00	8.917833774271308744e-01	
7.589770933847843348e-02	1.291814598044068764e-03	9.228104760634775472e-01	
0.000000000000000000e+00	3.355988393295064598e-01	6.644011606704934847e-01	
0.000000000000000000e+00	0.000000000000000000e+00	1.000000000000000000e+00	
1.939377924561712027e-02	9.795747034711573820e-01	1.031517283225622450e-03	
0.000000000000000000e+00	6.103106071775673408e-02	9.389689392822432312e-01	
0.000000000000000000e+00	2.713075298147451520e-01	7.286924701852549591e-01	
6.830571445841102651e-01	3.160063064953018142e-01	9.365489205878775678e-04	
0.000000000000000000e+00	0.000000000000000000e+00	1.000000000000000000e+00	
1.037096915274309666e-01	8.961192253314298473e-01	1.710831411392584175e-04	
0.000000000000000000e+00	3.008706333995873061e-01	6.991293666004125829e-01	
6.869899461618460962e-03	2.736328833750483747e-01	7.194972171633331470e-01	
0.000000000000000000e+00	1.900963281841941965e-01	8.099036718158058035e-01	
8.632171849546471654e-02	1.273880532153850477e-02	9.009394761829967457e-01	
2.362281053647944523e-03	1.379738527455771635e-01	8.596638662007748399e-01	
0.000000000000000000e+00	1.011870296184319146e-01	8.988129703815681548e-01	
1.746355565795853701e-02	2.372154856366317788e-01	7.453209587054095975e-01	
0.000000000000000000e+00	1.134219525584291739e-02	9.886578047441570982e-01	
9.316969589353846573e-03	1.835211806751993501e-04	9.904995092299710979e-01	
9.265745153273864665e-03	9.559093020284227527e-02	8.951433246438837976e-01	
2.410448135984843143e-01	7.564656879634573672e-01	2.489498438058237399e-03	
5.164396710725176198e-02	0.000000000000000000e+00	9.483560328927481686e-01	
1.419682643414708380e-02	3.210837398347551191e-02	9.536947995823773505e-01	
0.000000000000000000e+00	2.444382577110451038e-01	7.555617422889548962e-01	
1.808329016797053934e-01	0.000000000000000000e+00	8.191670983202946621e-01	
1.776613555956080238e-03	2.046576911280687805e-01	7.935656953159752058e-01	
3.944252097064350482e-02	0.000000000000000000e+00	9.605574790293563980e-01	
1.194871779906560294e-02	1.633828933873187061e-01	8.246683888136157048e-01	
0.000000000000000000e+00	9.848887730989343003e-01	1.511122690106582976e-02	
0.000000000000000000e+00	1.716725385840717488e-01	8.283274614159281679e-01	
2.954721405841651341e-02	2.314158358900527124e-01	7.390369500515308054e-01	
5.092496979605364016e-02	1.879111087503325950e-01	7.611639214536136677e-01	
1.000000000000000000e+00	0.000000000000000000e+00	0.000000000000000000e+00	
0.000000000000000000e+00	1.000000000000000000e+00	0.000000000000000000e+00	
7.209855654224263388e-02	9.279014434577573800e-01	0.000000000000000000e+00	
8.178798649603778032e-03	1.699945665594158328e-01	8.218266347909805036e-01	
1.868469578063666758e-02	1.975810068397439723e-01	7.837342973796193046e-01	
1.334478481380960702e-01	8.665521518619039298e-01	0.000000000000000000e+00	
0.000000000000000000e+00	1.000000000000000000e+00	0.000000000000000000e+00	
0.000000000000000000e+00	9.917809391798041441e-01	8.219060820195836850e-03	
0.000000000000000000e+00	1.000000000000000000e+00	0.000000000000000000e+00	
3.062831592134633227e-02	1.506717284931872016e-03	9.678649667937219148e-01	
0.000000000000000000e+00	0.000000000000000000e+00	1.000000000000000000e+00	
1.490082590432659781e-01	8.509917409567340219e-01	0.000000000000000000e+00	
4.069122950209766998e-01	5.930877049790231892e-01	0.000000000000000000e+00	
0.000000000000000000e+00	1.249860845306424856e-01	8.750139154693574728e-01	
2.111143250372899127e-01	7.866674589162504505e-01	2.218216046459693582e-03	
0.000000000000000000e+00	0.000000000000000000e+00	1.000000000000000000e+00	
1.365928529690164407e-02	1.547960854580466006e-01	8.315446292450516808e-01	
0.000000000000000000e+00	1.148427590684018978e-01	8.851572409315980883e-01	
7.346945545016064782e-02	0.000000000000000000e+00	9.265305445498392967e-01	
0.000000000000000000e+00	1.268216644257113279e-01	8.731783355742886998e-01	
1.000000000000000000e+00	0.000000000000000000e+00	0.000000000000000000e+00	
7.976370721802038266e-03	9.499585555260145475e-02	8.970277737255965000e-01	
4.492258469703158119e-01	5.507741530296842436e-01	0.000000000000000000e+00	
0.000000000000000000e+00	8.617997490151902973e-01	1.382002509848096750e-01	
0.000000000000000000e+00	2.120304511727678642e-01	7.879695488272322468e-01	
1.301765321295927369e-01	8.698234678704073186e-01	0.000000000000000000e+00	
4.270511270366179196e-02	9.572948872963381595e-01	0.000000000000000000e+00	
1.622185160178499785e-01	4.685872841575814546e-02	7.909227555663919107e-01	
0.000000000000000000e+00	1.927688797912975871e-01	8.072311202087024684e-01	
0.000000000000000000e+00	5.883909705682557889e-02	9.411609029431744489e-01	
0.000000000000000000e+00	3.277424187075572148e-01	6.722575812924427296e-01	
1.706314571526358279e-02	3.005589412973878605e-01	6.823779129873485116e-01	
0.000000000000000000e+00	1.025324451978702894e-01	8.974675548021298077e-01	
3.086130704118369983e-02	3.065518748019798942e-02	9.384835054786184738e-01	
5.642883949622398143e-01	4.348961098945843262e-01	8.154951431758537253e-04	
0.000000000000000000e+00	1.712626762811376990e-01	8.287373237188624397e-01	
0.000000000000000000e+00	1.716600073866315912e-01	8.283399926133683255e-01	
0.000000000000000000e+00	0.000000000000000000e+00	1.000000000000000000e+00	
6.608881708891420218e-04	8.577485496302302004e-02	9.135642568660877760e-01	
1.493158092800355753e-02	0.000000000000000000e+00	9.850684190719964928e-01	
0.000000000000000000e+00	7.895670113432978754e-02	9.210432988656702680e-01	
2.899020883565424020e-02	9.710097911643458257e-01	0.000000000000000000e+00	
1.114501244325889762e-02	0.000000000000000000e+00	9.888549875567411718e-01	
0.000000000000000000e+00	3.215351226315826122e-02	9.678464877368417874e-01	
0.000000000000000000e+00	2.082345008062960745e-02	9.791765499193704203e-01	
2.010043056439160813e-01	7.989956943560839742e-01	0.000000000000000000e+00	
3.174610676495512873e-01	6.763914093439443720e-01	6.147523006504412683e-03	
5.129378079475336444e-02	1.633043261430774662e-01	7.854018930621692318e-01	
0.000000000000000000e+00	4.651696507333006464e-02	9.534830349266699701e-01	
6.424216046676626928e-03	2.615096665526635000e-01	7.320661174006598548e-01	
0.000000000000000000e+00	1.176031291201962425e-01	8.823968708798037852e-01	
0.000000000000000000e+00	6.879390393549635052e-02	9.312060960645036634e-01	
5.487830509485251695e-02	9.913580758122772637e-05	9.450225590975662726e-01	
3.159820145975095751e-01	6.791812951764544248e-01	4.836690226035980991e-03	
0.000000000000000000e+00	8.508083651856596097e-02	9.149191634814340945e-01	
1.680032691871439013e-02	4.231033657809831622e-02	9.408893365031872902e-01	
1.991683550429631296e-03	2.376307377324400616e-01	7.603775787171304090e-01	
2.350409660924599950e-02	3.544602350665135987e-02	9.410498798841026025e-01	
0.000000000000000000e+00	1.195558092690777868e-01	8.804441907309221715e-01	
4.237980206244512486e-03	8.159499406074696704e-02	9.141670257330084537e-01	
1.070265083398963882e-02	1.823772345935776584e-01	8.069201145724326230e-01	
3.226247734019258712e-02	7.605581575213743450e-02	8.916817069076700131e-01	
1.032160982712932162e-01	2.112724227937793145e-02	8.756566594493288003e-01	
8.636769150900032443e-02	9.136323084909996339e-01	0.000000000000000000e+00	
7.956731163301709875e-02	8.363297346723415071e-01	8.410295369464147741e-02	
0.000000000000000000e+00	0.000000000000000000e+00	1.000000000000000000e+00	
0.000000000000000000e+00	1.926733771547287088e-01	8.073266228452713467e-01	
0.000000000000000000e+00	2.825757570619886333e-02	9.717424242938010881e-01	
3.839837574329567869e-03	2.302050811888092519e-01	7.659550812368611794e-01	
1.457325153752004471e-02	2.110062976445261501e-02	9.643261186980274235e-01	
4.507841361360229171e-01	5.492158638639771384e-01	0.000000000000000000e+00	
0.000000000000000000e+00	0.000000000000000000e+00	1.000000000000000000e+00	
3.910628554844841620e-02	1.354517609294619059e-03	9.595391968422569695e-01	
2.223376270406044741e-01	0.000000000000000000e+00	7.776623729593955536e-01	
2.570308168139689639e-02	9.742969183186032112e-01	0.000000000000000000e+00	
0.000000000000000000e+00	8.855930975645575076e-01	1.144069024354424507e-01	
0.000000000000000000e+00	0.000000000000000000e+00	1.000000000000000000e+00	
0.000000000000000000e+00	1.225453648356756853e-01	8.774546351643244257e-01	
0.000000000000000000e+00	1.000042375065968020e-01	8.999957624934032951e-01	
7.958593524416586462e-03	1.787727216727674207e-01	8.132686848028159998e-01	
5.909900997023726649e-02	0.000000000000000000e+00	9.409009900297627960e-01	
0.000000000000000000e+00	2.557172861704960498e-01	7.442827138295039502e-01	
0.000000000000000000e+00	9.916289899836225885e-01	8.371010016377427101e-03	
0.000000000000000000e+00	8.927117971997862167e-01	1.072882028002137833e-01	
8.559567162576917076e-02	9.144043283742308015e-01	0.000000000000000000e+00	
5.654643676430609438e-03	9.943453563235693515e-01	0.000000000000000000e+00	
6.927528460493476148e-01	3.072471539506524962e-01	0.000000000000000000e+00	
7.672995615172212291e-02	2.233165382564882284e-01	6.999535055917895932e-01	
5.826654712457688019e-03	0.000000000000000000e+00	9.941733452875423094e-01	
0.000000000000000000e+00	3.655136204396765287e-02	9.634486379560324165e-01	
4.150805549919218268e-03	0.000000000000000000e+00	9.958491944500806881e-01	
0.000000000000000000e+00	2.026621381558885715e-01	7.973378618441114840e-01	
8.429521642749666574e-03	0.000000000000000000e+00	9.915704783572504288e-01	
2.104138080456048054e-01	7.888792555607397894e-01	7.069363936553586586e-04	
0.000000000000000000e+00	1.000000000000000000e+00	0.000000000000000000e+00	
6.880266536880726841e-03	0.000000000000000000e+00	9.931197334631193252e-01	
1.667416953578588698e-02	0.000000000000000000e+00	9.833258304642140679e-01	
8.863116489582135993e-02	9.113688351041787650e-01	0.000000000000000000e+00	
0.000000000000000000e+00	1.102813958305835784e-01	8.897186041694163938e-01	
0.000000000000000000e+00	8.623830648539135835e-01	1.376169351460865276e-01	
1.839044357803598095e-01	8.160955642196402460e-01	0.000000000000000000e+00	
0.000000000000000000e+00	0.000000000000000000e+00	1.000000000000000000e+00	
0.000000000000000000e+00	4.064510082506211409e-03	9.959354899174936993e-01	
7.895799569654471384e-03	9.451303280544640084e-02	8.975911676248991000e-01	
0.000000000000000000e+00	1.451241602972078680e-02	9.854875839702792462e-01	
0.000000000000000000e+00	1.801788161296289936e-01	8.198211838703710619e-01	
0.000000000000000000e+00	3.532181909946323639e-01	6.467818090053676361e-01	
7.769114364464793990e-03	2.288954632753749038e-02	9.693413393079977070e-01	
1.215136762462244308e-01	0.000000000000000000e+00	8.784863237537755554e-01	
2.476537069809636379e-03	0.000000000000000000e+00	9.975234629301903411e-01	
0.000000000000000000e+00	0.000000000000000000e+00	1.000000000000000000e+00	
0.000000000000000000e+00	8.700287573322851298e-02	9.129971242667714870e-01	
0.000000000000000000e+00	0.000000000000000000e+00	1.000000000000000000e+00	
1.266872075741189985e-01	8.733127924258810015e-01	0.000000000000000000e+00	
0.000000000000000000e+00	2.616022052869924550e-02	9.738397794713007372e-01	
2.002376045675718572e-03	2.866559963285621460e-01	7.113416276257622517e-01	
0.000000000000000000e+00	7.134577245519019284e-01	2.865422754480981271e-01	
1.419307629387231429e-02	1.659682977239448076e-01	8.198386259821828226e-01	
0.000000000000000000e+00	2.737466515515717125e-02	9.726253348448428149e-01	
0.000000000000000000e+00	1.423893348240563676e-02	9.857610665175943199e-01	
0.000000000000000000e+00	1.304499200108597268e-01	8.695500799891401345e-01	
0.000000000000000000e+00	2.153559187138176234e-01	7.846440812861822378e-01	
2.722630318026771773e-03	1.436808184056204418e-01	8.535965512763528107e-01	
0.000000000000000000e+00	0.000000000000000000e+00	1.000000000000000000e+00	
0.000000000000000000e+00	9.583838100846148178e-01	4.161618991538517526e-02	
0.000000000000000000e+00	0.000000000000000000e+00	1.000000000000000000e+00	
0.000000000000000000e+00	1.000000000000000000e+00	0.000000000000000000e+00	
0.000000000000000000e+00	3.727479027715477899e-01	6.272520972284522101e-01	
0.000000000000000000e+00	1.787460215422033982e-01	8.212539784577965740e-01	
0.000000000000000000e+00	1.206762905188662333e-01	8.793237094811338084e-01	
0.000000000000000000e+00	1.330624639667540021e-01	8.669375360332459701e-01	
1.321225269945047187e-01	6.578047988110159727e-02	8.020969931243936424e-01	
1.865723306300208842e-02	4.219683801938359236e-02	9.391459289176142811e-01	
0.000000000000000000e+00	8.310880502608422593e-02	9.168911949739158018e-01	
0.000000000000000000e+00	1.000000000000000000e+00	0.000000000000000000e+00	
5.386209930375953497e-02	1.048513781721031463e-01	8.412865225241372702e-01	
6.398623670386795192e-02	0.000000000000000000e+00	9.360137632961320620e-01	
0.000000000000000000e+00	1.386809372626808812e-01	8.613190627373191743e-01	
0.000000000000000000e+00	2.319654368235034292e-01	7.680345631764965431e-01	
1.312967176210480015e-02	1.692017734806703921e-01	8.176685547572246637e-01	
6.230570584375626497e-01	3.769429415624374613e-01	0.000000000000000000e+00	
1.014018325096523593e-01	8.985981674903475991e-01	0.000000000000000000e+00	
0.000000000000000000e+00	1.000000000000000000e+00	0.000000000000000000e+00	
1.098430251102901350e-01	0.000000000000000000e+00	8.901569748897099066e-01	
2.406583855109898848e-02	9.759341614489009942e-01	0.000000000000000000e+00	
0.000000000000000000e+00	1.093981652593397497e-02	9.890601834740659903e-01	
9.999513223641424142e-01	0.000000000000000000e+00	4.867763585758642757e-05	
1.172088032256683558e-02	9.785146446907141971e-02	8.904276552083616458e-01	
0.000000000000000000e+00	0.000000000000000000e+00	1.000000000000000000e+00	
2.255262615286750868e-03	0.000000000000000000e+00	9.977447373847131429e-01	
0.000000000000000000e+00	2.492207666808217981e-01	7.507792333191782852e-01	
4.076647223870254015e-03	9.011751128376292719e-02	9.058058414923669810e-01	
9.525511372118187214e-01	4.744886278818113978e-02	0.000000000000000000e+00	
2.984517991038482254e-01	7.013900254297245063e-01	1.581754664273277600e-04	
0.000000000000000000e+00	8.074060473897357038e-02	9.192593952610264019e-01	
0.000000000000000000e+00	9.485365334848342433e-01	5.146346651516583298e-02	
0.000000000000000000e+00	1.105503588724337377e-01	8.894496411275661929e-01	
7.164829643954818451e-03	9.928351703560451824e-01	0.000000000000000000e+00	
0.000000000000000000e+00	4.719065849612118918e-02	9.528093415038788594e-01	
0.000000000000000000e+00	8.262733672587374567e-01	1.737266327412624878e-01	
2.888107473924048096e-01	7.111892526075952459e-01	0.000000000000000000e+00	
1.058462821518299929e-01	8.941537178481699932e-01	0.000000000000000000e+00	
1.717929504080510650e-02	1.265442413038450620e-01	8.562764636553498176e-01	
7.022971564836348948e-03	2.653709959396960416e-01	7.276060324954677361e-01	
0.000000000000000000e+00	1.000000000000000000e+00	0.000000000000000000e+00	
0.000000000000000000e+00	1.809042228238415539e-01	8.190957771761583350e-01	
1.415206473341933391e-01	8.558492461059996614e-01	2.630106559807082311e-03	
2.841043570764942641e-02	0.000000000000000000e+00	9.715895642923506603e-01	
2.297595411988280229e-03	2.451520293932562058e-02	9.731872016486862176e-01	
6.642134338514195900e-03	2.606215714014519791e-01	7.327362942600338380e-01	
7.854398963681298584e-02	1.143467669603664000e-01	8.071092434028206419e-01	
0.000000000000000000e+00	1.049991750255032108e-01	8.950008249744967337e-01	
3.627576452326203293e-02	9.637242354767379116e-01	0.000000000000000000e+00	
0.000000000000000000e+00	9.996880041583318111e-01	3.119958416682026055e-04	
5.305330535903490449e-03	0.000000000000000000e+00	9.946946694640965703e-01	
2.065757635919474727e-03	9.979342423640805704e-01	0.000000000000000000e+00	
9.716832853226367583e-02	1.215223328754249377e-01	7.813093385923114420e-01	
0.000000000000000000e+00	3.948850479410986013e-03	9.960511495205890409e-01	
0.000000000000000000e+00	3.075663426872284889e-01	6.924336573127716221e-01	
4.242148789562844025e-01	5.757851210437155975e-01	0.000000000000000000e+00	
9.322852798833415611e-03	0.000000000000000000e+00	9.906771472011665081e-01	
0.000000000000000000e+00	1.544228939104860254e-01	8.455771060895139746e-01	
0.000000000000000000e+00	2.609037391293654862e-01	7.390962608706344028e-01	
0.000000000000000000e+00	2.553536609759812781e-01	7.446463390240187774e-01	
9.376675378373678857e-03	0.000000000000000000e+00	9.906233246216263888e-01	
1.985982310501468451e-01	8.014017689498531549e-01	0.000000000000000000e+00	
1.393216132418764221e-02	2.501005629953402098e-03	9.835668330458590125e-01	
5.049455750873792226e-02	1.378781373975688784e-01	8.116273050936930744e-01	
0.000000000000000000e+00	0.000000000000000000e+00	1.000000000000000000e+00	
0.000000000000000000e+00	0.000000000000000000e+00	1.000000000000000000e+00	
0.000000000000000000e+00	0.000000000000000000e+00	1.000000000000000000e+00	
2.873300968574102887e-01	7.126699031425898223e-01	0.000000000000000000e+00	
8.095294208336899222e-02	0.000000000000000000e+00	9.190470579166309939e-01	
7.413744478526532178e-02	1.358436379037445685e-01	7.900189173109901652e-01	
6.678744240618221528e-02	9.332125575938178264e-01	0.000000000000000000e+00	
3.976860933015703425e-01	6.008412281469736049e-01	1.472678551455882962e-03	
1.498150084005692119e-03	0.000000000000000000e+00	9.985018499159943328e-01	
0.000000000000000000e+00	2.311265263939188130e-01	7.688734736060811592e-01	
1.382445392599439618e-02	2.533763565261023095e-05	9.861502084383529931e-01	
1.291693885262610864e-01	0.000000000000000000e+00	8.708306114737389692e-01	
0.000000000000000000e+00	3.150775766232534747e-01	6.849224233767465808e-01	
5.491369434381758279e-03	1.180048125659458221e-02	9.827081493090237263e-01	
5.239523516313833972e-03	2.468613961516692989e-01	7.478990803320167968e-01	
0.000000000000000000e+00	1.000000000000000000e+00	0.000000000000000000e+00	
0.000000000000000000e+00	1.956154460451676458e-01	8.043845539548323265e-01	
0.000000000000000000e+00	2.103635412233906266e-01	7.896364587766093734e-01	
0.000000000000000000e+00	9.351736812999927873e-01	6.482631870000729601e-02	
0.000000000000000000e+00	8.421452164173427735e-02	9.157854783582657365e-01	
1.178377439910380242e-03	2.256611856212598910e-01	7.731604369388297426e-01	
3.240340489749728159e-02	7.688932812528426197e-02	8.907072669772184703e-01	
0.000000000000000000e+00	9.840733265377700212e-01	1.592667346223010719e-02	
6.334396837628604449e-02	0.000000000000000000e+00	9.366560316237138029e-01	
6.194446223026526255e-01	3.805553776973472635e-01	0.000000000000000000e+00	
2.255124937298823018e-01	2.265713054327696957e-02	7.518303757268407495e-01	
5.874270184494271435e-03	1.813643726331349293e-01	8.127613571823706362e-01	
0.000000000000000000e+00	2.142089116970875839e-01	7.857910883029124438e-01	
0.000000000000000000e+00	1.092388417324142713e-01	8.907611582675857287e-01	
0.000000000000000000e+00	0.000000000000000000e+00	1.000000000000000000e+00	
2.401697243863669656e-03	1.731727201216683165e-01	8.244255826344679683e-01	
0.000000000000000000e+00	9.255619817807783090e-01	7.443801821922171880e-02	
3.246465065802050520e-01	6.751729647009416801e-01	1.805287188533685717e-04	
8.759964190756899284e-04	0.000000000000000000e+00	9.991240035809243469e-01	
0.000000000000000000e+00	3.722573555443198234e-02	9.627742644455679066e-01	
0.000000000000000000e+00	1.561525561812541762e-01	8.438474438187459903e-01	
1.153850027943025824e-01	8.846149972056974731e-01	0.000000000000000000e+00	
1.334088595612495654e-01	8.617808520821572671e-01	4.810288356593282917e-03	
0.000000000000000000e+00	8.762462314263250729e-01	1.237537685736748438e-01	
8.470182146761254553e-04	4.198553689879717249e-02	9.571674448865267193e-01	
0.000000000000000000e+00	2.978621945341525246e-02	9.702137805465848031e-01	
1.438678291338560573e-03	0.000000000000000000e+00	9.985613217086614091e-01	
0.000000000000000000e+00	0.000000000000000000e+00	1.000000000000000000e+00	
1.114700167416818322e-02	1.681312755185706831e-01	8.207217228072611892e-01	
0.000000000000000000e+00	9.994694706621545244e-01	5.305293378455076076e-04	
2.784083840157195681e-03	1.981618210807576941e-01	7.990540950790850916e-01	
0.000000000000000000e+00	0.000000000000000000e+00	1.000000000000000000e+00	
1.978023051889780948e-02	3.745938657579421776e-03	9.764738308235227926e-01	
0.000000000000000000e+00	9.116946606369820405e-02	9.088305339363018653e-01	
8.909149677724497937e-03	2.277465493486150599e-03	9.888133848287893324e-01	
0.000000000000000000e+00	1.000000000000000000e+00	0.000000000000000000e+00	
0.000000000000000000e+00	2.194329756571547774e-01	7.805670243428451949e-01	
3.196186946181653701e-04	5.550757736052295416e-02	9.441728039448589183e-01	
0.000000000000000000e+00	1.702477738979805977e-01	8.297522261020194856e-01	
0.000000000000000000e+00	7.958619934378746708e-02	9.204138006562124774e-01	
0.000000000000000000e+00	0.000000000000000000e+00	1.000000000000000000e+00	
0.000000000000000000e+00	1.682099580516327464e-02	9.831790041948367254e-01	
6.170163880141029539e-02	9.382983611985896699e-01	0.000000000000000000e+00	
2.330624846076265189e-02	1.516859194828522051e-01	8.250078320563851708e-01	
0.000000000000000000e+00	3.206825599913986080e-01	6.793174400086015030e-01	
6.797942666935669065e-02	1.529764255910776583e-01	7.790441477395657621e-01	
0.000000000000000000e+00	1.366360290308515635e-01	8.633639709691485198e-01	
9.997744558342022136e-01	0.000000000000000000e+00	2.255441657978161983e-04	
0.000000000000000000e+00	9.987528000215122326e-01	1.247199978487814912e-03	
7.239897662201315309e-02	6.766653106419930454e-04	9.269243580673448557e-01	
6.089908223458396396e-05	9.999391009177654999e-01	0.000000000000000000e+00	
1.627827976594644829e-02	5.064311608401870363e-02	9.330786041500348515e-01	
0.000000000000000000e+00	2.867682291666237039e-03	9.971323177083337708e-01	
0.000000000000000000e+00	1.112110170500198447e-01	8.887889829499800998e-01	
0.000000000000000000e+00	2.839231416887937343e-01	7.160768583112062657e-01	
0.000000000000000000e+00	1.648269021569000459e-01	8.351730978430998986e-01	
0.000000000000000000e+00	4.373652484049200817e-01	5.626347515950799183e-01	
0.000000000000000000e+00	2.913483444555916568e-01	7.086516555444084542e-01	
0.000000000000000000e+00	2.680302790037410454e-01	7.319697209962587880e-01	
1.000000000000000000e+00	0.000000000000000000e+00	0.000000000000000000e+00	
0.000000000000000000e+00	0.000000000000000000e+00	1.000000000000000000e+00	
6.641949302399970945e-01	3.357658703720906579e-01	3.919938791226996175e-05	
1.515235955809472387e-02	9.848476404419053143e-01	0.000000000000000000e+00	
0.000000000000000000e+00	5.272662147525904869e-02	9.472733785247409166e-01	
0.000000000000000000e+00	2.142852686375857074e-01	7.857147313624142093e-01	
3.232031682990712529e-01	6.764189390540780167e-01	3.778926468508957701e-04	
2.600516480493144864e-02	7.091703073196875540e-02	9.030778044630997092e-01	
1.410545310564301387e-02	0.000000000000000000e+00	9.858945468943570711e-01	
0.000000000000000000e+00	0.000000000000000000e+00	1.000000000000000000e+00	
1.640091689070277345e-02	2.813499322735517616e-01	7.022491508357454615e-01	
9.518829221954690223e-02	0.000000000000000000e+00	9.048117077804531672e-01	
0.000000000000000000e+00	1.659519922210403176e-01	8.340480077789597102e-01	
0.000000000000000000e+00	7.656380755107774876e-03	9.923436192448923387e-01	
0.000000000000000000e+00	0.000000000000000000e+00	1.000000000000000000e+00	
7.000843902117526163e-02	1.799967830996862250e-01	7.499947778791384856e-01	
4.290356487313993356e-02	9.518654746921753618e-02	8.619098876576425372e-01	
0.000000000000000000e+00	1.175696739303120405e-03	9.988243032606968219e-01	
2.954339419491732593e-02	0.000000000000000000e+00	9.704566058050826394e-01	
0.000000000000000000e+00	6.897182849552874195e-03	9.931028171504471258e-01	
0.000000000000000000e+00	0.000000000000000000e+00	1.000000000000000000e+00	
1.740611811809807119e-01	0.000000000000000000e+00	8.259388188190193159e-01	
3.204609600803627091e-03	9.967953903991962905e-01	0.000000000000000000e+00	
0.000000000000000000e+00	1.682895235966996861e-01	8.317104764033003139e-01	
0.000000000000000000e+00	2.751971969250489591e-01	7.248028030749510409e-01	
0.000000000000000000e+00	1.357228921429273205e-01	8.642771078570726795e-01	
0.000000000000000000e+00	3.682734015494175117e-01	6.317265984505825438e-01	
3.558972215748126833e-02	0.000000000000000000e+00	9.644102778425187594e-01	
0.000000000000000000e+00	7.814389381009803626e-02	9.218561061899019915e-01	
0.000000000000000000e+00	0.000000000000000000e+00	1.000000000000000000e+00	
0.000000000000000000e+00	0.000000000000000000e+00	1.000000000000000000e+00	
0.000000000000000000e+00	0.000000000000000000e+00	1.000000000000000000e+00	
6.007967922277587108e-03	1.410996333531184810e-01	8.528923987246038729e-01	
0.000000000000000000e+00	1.000000000000000000e+00	0.000000000000000000e+00	
2.677353226153378896e-01	7.322646773846619439e-01	0.000000000000000000e+00	
1.740475580204065009e-01	3.882224402089095444e-02	7.871301979587026487e-01	
0.000000000000000000e+00	3.402731728492573993e-01	6.597268271507427118e-01	
0.000000000000000000e+00	2.956547230020007550e-02	9.704345276997998759e-01	
1.000000000000000000e+00	0.000000000000000000e+00	0.000000000000000000e+00	
1.317983233915470676e-01	0.000000000000000000e+00	8.682016766084528214e-01	
1.827130007603334771e-01	8.150978130458731430e-01	2.189186193793416727e-03	
6.222969717879455603e-03	1.832541941066479635e-02	9.754516108714555989e-01	
4.286577511449653211e-03	0.000000000000000000e+00	9.957134224885503260e-01	
0.000000000000000000e+00	0.000000000000000000e+00	1.000000000000000000e+00	
7.367027812526990571e-01	2.631639067456626457e-01	1.333120016384071159e-04	
0.000000000000000000e+00	1.005843988703778585e-01	8.994156011296221553e-01	
0.000000000000000000e+00	9.963376794435679917e-01	3.662320556432052503e-03	
0.000000000000000000e+00	1.000000000000000000e+00	0.000000000000000000e+00	
0.000000000000000000e+00	0.000000000000000000e+00	1.000000000000000000e+00	
6.052389033893764703e-01	3.947610966106234742e-01	0.000000000000000000e+00	
4.658679631088728790e-03	0.000000000000000000e+00	9.953413203689112088e-01	
4.237206271046395911e-01	5.762793728953604644e-01	0.000000000000000000e+00	
2.178542703990890648e-03	0.000000000000000000e+00	9.978214572960090178e-01	
8.502631774472101389e-01	1.438813756947199263e-01	5.855446858070087468e-03	
0.000000000000000000e+00	0.000000000000000000e+00	1.000000000000000000e+00	
1.119605696769608305e-01	8.880394303230391140e-01	0.000000000000000000e+00	
0.000000000000000000e+00	1.380739221088050084e-01	8.619260778911950194e-01	
1.212656990763922790e-02	1.523471641895479955e-01	8.355262659028127592e-01	
5.417440031962807850e-02	1.519913437692204869e-02	9.306264653034497236e-01	
0.000000000000000000e+00	6.813910495259833944e-02	9.318608950474016606e-01	
9.410048684523355522e-01	5.497864834532963096e-02	4.016483202334788193e-03	
0.000000000000000000e+00	0.000000000000000000e+00	1.000000000000000000e+00	
9.873671267752379133e-02	0.000000000000000000e+00	9.012632873224761809e-01	
0.000000000000000000e+00	4.524747883284410688e-02	9.547525211671559209e-01	
0.000000000000000000e+00	0.000000000000000000e+00	1.000000000000000000e+00	
5.980519595582670100e-03	1.903580762668976023e-01	8.036614041375197415e-01	
0.000000000000000000e+00	1.941949400505547235e-02	9.805805059949445068e-01	
1.534228895997933606e-01	8.465771104002065561e-01	0.000000000000000000e+00	
4.423691250334951808e-02	9.557630874966505097e-01	0.000000000000000000e+00	
6.776606480606256477e-02	0.000000000000000000e+00	9.322339351939374907e-01	
0.000000000000000000e+00	1.321918222414949495e-01	8.678081777585050505e-01	
1.942145534356427491e-02	1.833985088920189188e-01	7.971800357644167612e-01	
2.059434497576228540e-01	7.940565502423770905e-01	0.000000000000000000e+00	
8.012757073326706378e-03	1.293715543584965932e-01	8.626156885681766084e-01	
1.474317331101690151e-02	0.000000000000000000e+00	9.852568266889830673e-01	
0.000000000000000000e+00	0.000000000000000000e+00	1.000000000000000000e+00	
2.221742915724587430e-01	7.775094410479163054e-01	3.162673796250816544e-04	
0.000000000000000000e+00	1.033900817209422451e-01	8.966099182790577826e-01	
3.025150689642847612e-01	6.974849310357151833e-01	0.000000000000000000e+00	
2.708364216944906047e-03	9.962258721043164567e-01	1.065763678738741596e-03	
0.000000000000000000e+00	5.526971003342832402e-03	9.944730289966572379e-01	
0.000000000000000000e+00	1.994978409270756203e-01	8.005021590729244352e-01	
0.000000000000000000e+00	0.000000000000000000e+00	1.000000000000000000e+00	
0.000000000000000000e+00	0.000000000000000000e+00	1.000000000000000000e+00	
0.000000000000000000e+00	0.000000000000000000e+00	1.000000000000000000e+00	
6.973675266471342747e-04	1.474712813745331086e-02	9.845555043358994451e-01	
1.060199687011442911e-02	0.000000000000000000e+00	9.893980031298856836e-01	
0.000000000000000000e+00	1.463477235360433337e-01	8.536522764639566940e-01	
0.000000000000000000e+00	5.775358292666980808e-02	9.422464170733301225e-01	
0.000000000000000000e+00	1.554089425427872817e-01	8.445910574572127461e-01	
0.000000000000000000e+00	2.543130860569832175e-01	7.456869139430167825e-01	
6.901647602235595480e-01	3.098352397764403410e-01	0.000000000000000000e+00	
5.008829029127449539e-01	4.991170970872550461e-01	0.000000000000000000e+00	
5.764006335372073853e-02	1.310241855560934261e-02	9.292575180906698096e-01	
0.000000000000000000e+00	1.964342913479130703e-01	8.035657086520869852e-01	
0.000000000000000000e+00	4.355512615027572199e-02	9.564448738497243196e-01	
2.597880827232025916e-02	1.731067144008866521e-01	8.009144773267932171e-01	
2.927881458162121323e-03	1.830523672746199315e-01	8.140197512672180391e-01	
2.784211242041274015e-01	7.200810878153086625e-01	1.497787980563934293e-03	
0.000000000000000000e+00	8.048798561256252648e-02	9.195120143874374596e-01	
0.000000000000000000e+00	2.947203253050209582e-01	7.052796746949790974e-01	
0.000000000000000000e+00	2.243712994664954774e-01	7.756287005335045226e-01	
3.789170195305429506e-03	1.467234582626404937e-01	8.494873715420541149e-01	
9.273185347327144237e-03	2.760091140450685598e-01	7.147177006076040895e-01	
2.515867770988498009e-01	7.484132229011500881e-01	0.000000000000000000e+00	
0.000000000000000000e+00	1.000000000000000000e+00	0.000000000000000000e+00	
5.439826120959063288e-02	2.201513732032855664e-01	7.254503655871239465e-01	
8.553343424261554417e-02	2.544157338600478227e-02	8.890249923713796631e-01	
0.000000000000000000e+00	0.000000000000000000e+00	1.000000000000000000e+00	
5.152967538932567461e-03	2.575147410960766572e-03	9.922718850501065502e-01	
0.000000000000000000e+00	2.911264853600683405e-02	9.708873514639930757e-01	
7.888192913368695163e-04	1.938089101881555476e-01	8.054022705205075017e-01	
0.000000000000000000e+00	1.706873782549370444e-01	8.293126217450630389e-01	
8.779535497013548143e-03	1.163878418453597463e-01	8.748326226576267350e-01	
0.000000000000000000e+00	9.205286517126867393e-03	9.907947134828730684e-01	
1.905942035457099670e-01	7.087884476318281890e-02	7.385269516911071586e-01	
0.000000000000000000e+00	0.000000000000000000e+00	1.000000000000000000e+00	
8.662998843312977055e-04	9.991337001156687103e-01	0.000000000000000000e+00	
0.000000000000000000e+00	1.000000000000000000e+00	0.000000000000000000e+00	
0.000000000000000000e+00	2.347737413910115090e-01	7.652262586089884078e-01	
1.089034775227612495e-02	2.317845876036905006e-01	7.573250646440333744e-01	
6.691880937861710565e-01	3.308119062138289990e-01	0.000000000000000000e+00	
0.000000000000000000e+00	9.769010955483768965e-01	2.309890445162305142e-02	
0.000000000000000000e+00	2.285952168566551257e-01	7.714047831433449298e-01	
8.246300974609818146e-01	1.001877468093040624e-01	7.518215572971405358e-02	
4.346799488530306288e-02	9.589566878360597513e-02	8.606363363310909342e-01	
0.000000000000000000e+00	4.306398150082148962e-02	9.569360184991785312e-01	
0.000000000000000000e+00	1.667127790393587161e-01	8.332872209606413394e-01	
5.701175322023202541e-02	5.031524281271251148e-02	8.926730039670554007e-01	
2.276228556741531905e-01	7.723771443258469205e-01	0.000000000000000000e+00	
5.747627240071967458e-01	4.252372759928032542e-01	0.000000000000000000e+00	
1.232584398146613705e-02	1.314967415026540576e-01	8.561774145158798088e-01	
1.837723393300472186e-01	8.137588591467490584e-01	2.468801523203766404e-03	
0.000000000000000000e+00	1.615341635196929637e-01	8.384658364803071473e-01	
2.557359959805075370e-02	7.159048736806249147e-02	9.028359130338867722e-01	
2.582517880006759275e-02	6.828910976598515092e-02	9.058857114339472494e-01	
0.000000000000000000e+00	0.000000000000000000e+00	1.000000000000000000e+00	
1.778215572789617338e-01	0.000000000000000000e+00	8.221784427210383495e-01	
0.000000000000000000e+00	2.451895160205054547e-01	7.548104839794945731e-01	
0.000000000000000000e+00	1.507705094671256407e-01	8.492294905328743315e-01	
0.000000000000000000e+00	1.444512940358377295e-01	8.555487059641622150e-01	
0.000000000000000000e+00	1.816480358478265167e-01	8.183519641521734833e-01	
0.000000000000000000e+00	3.445168439222360060e-03	9.965548315607777319e-01	
4.134762835078344308e-03	2.118249422929869286e-01	7.840402948719348286e-01	
5.833916487559539371e-03	0.000000000000000000e+00	9.941660835124405127e-01	
0.000000000000000000e+00	1.217418655343601164e-01	8.782581344656399391e-01	
