
1.000000000000000000e+00	0.000000000000000000e+00	0.000000000000000000e+00	
8.821724567564654951e-01	0.000000000000000000e+00	1.178275432435346021e-01	
6.442338116350004862e-01	0.000000000000000000e+00	3.557661883649994583e-01	
9.920657938033337064e-01	0.000000000000000000e+00	7.934206196666298769e-03	
6.067753759697653848e-01	2.765270822102589010e-01	1.166975418199757975e-01	
8.823180657671294558e-01	0.000000000000000000e+00	1.176819342328706275e-01	
9.875866632120191557e-01	0.000000000000000000e+00	1.241333678798085642e-02	
7.201136671202059691e-01	1.578803171978077416e-02	2.640983011600133157e-01	
1.000000000000000000e+00	0.000000000000000000e+00	0.000000000000000000e+00	
9.707571753760128042e-01	0.000000000000000000e+00	2.924282462398714727e-02	
9.878457769685590195e-01	0.000000000000000000e+00	1.215422303144098569e-02	
9.364884450087831436e-01	1.058703699118534840e-02	5.292451800003152712e-02	
6.426367173775699992e-01	6.743023743986424623e-02	2.899330451825658517e-01	
9.899277061869595773e-01	1.007229381304044005e-02	0.000000000000000000e+00	
1.000000000000000000e+00	0.000000000000000000e+00	0.000000000000000000e+00	
6.473269911639474294e-01	0.000000000000000000e+00	3.526730088360525706e-01	
6.898142814324443872e-01	2.963524901724875482e-01	1.383322839506806803e-02	
9.730775908885306302e-01	0.000000000000000000e+00	2.692240911146945304e-02	
1.000000000000000000e+00	0.000000000000000000e+00	0.000000000000000000e+00	
8.916872505952049277e-01	0.000000000000000000e+00	1.083127494047951556e-01	
9.953761986985134591e-01	0.000000000000000000e+00	4.623801301486638905e-03	
5.992100027372401216e-01	3.795335954369679632e-01	2.125640182579188395e-02	
9.437098273888163691e-01	0.000000000000000000e+00	5.629017261118358234e-02	
6.401625165332616163e-01	0.000000000000000000e+00	3.598374834667383837e-01	
6.488128722912318569e-01	4.032549775750991772e-02	3.108616299512583225e-01	
7.748740427517092355e-01	2.251259572482907922e-01	0.000000000000000000e+00	
9.985154233521658096e-01	0.000000000000000000e+00	1.484576647834153981e-03	
7.976100898853815124e-01	2.023899101146184876e-01	0.000000000000000000e+00	
6.647291110505056944e-01	5.965881538373898766e-04	3.346743007956570204e-01	
9.926588265184298487e-01	6.189936845082687038e-03	1.151236636487556596e-03	
9.423859942306358484e-01	0.000000000000000000e+00	5.761400576936410306e-02	
9.644737339910608442e-01	3.552626600893912107e-02	0.000000000000000000e+00	
8.904724893516637874e-01	0.000000000000000000e+00	1.095275106483362126e-01	
7.876292035514649292e-01	0.000000000000000000e+00	2.123707964485351540e-01	
8.917308829222094779e-01	0.000000000000000000e+00	1.082691170777903833e-01	
9.836156562740628884e-01	0.000000000000000000e+00	1.638434372593705265e-02	
8.574510450702225173e-01	0.000000000000000000e+00	1.425489549297774550e-01	
6.512887572975991635e-01	0.000000000000000000e+00	3.487112427024008920e-01	
1.000000000000000000e+00	0.000000000000000000e+00	0.000000000000000000e+00	
5.128386599513230504e-01	6.484291212272100258e-02	4.223184279259560858e-01	
6.617223249603018109e-01	3.372653545167880185e-01	1.012320522910148055e-03	
8.792044349562796457e-01	0.000000000000000000e+00	1.207955650437202988e-01	
6.582904328676874028e-01	2.643987678677059416e-01	7.731079926460658613e-02	
6.233065797250891826e-01	3.019536363447762883e-01	7.473978393013455679e-02	
1.000000000000000000e+00	0.000000000000000000e+00	0.000000000000000000e+00	
9.800769508320259504e-01	0.000000000000000000e+00	1.992304916797410855e-02	
6.980080063160117865e-01	0.000000000000000000e+00	3.019919936839882690e-01	
9.476431890114167533e-01	0.000000000000000000e+00	5.235681098858324667e-02	
9.011403102033778145e-01	0.000000000000000000e+00	9.885968979662226874e-02	
9.794795544687996403e-01	0.000000000000000000e+00	2.052044553120047077e-02	
8.828281630828007653e-01	0.000000000000000000e+00	1.171718369171991653e-01	
9.957996925333997273e-01	0.000000000000000000e+00	4.200307466600283930e-03	
9.952775839056305918e-01	4.722416094369351856e-03	0.000000000000000000e+00	
1.000000000000000000e+00	0.000000000000000000e+00	0.000000000000000000e+00	
9.701435587136358896e-01	2.985644128636400635e-02	0.000000000000000000e+00	
9.339922855488471676e-01	9.181129184823817388e-03	5.682658526632887452e-02	
9.655399806277961128e-01	0.000000000000000000e+00	3.446001937220376232e-02	
9.181172798939112312e-01	1.814466110073371247e-02	6.373805900535510494e-02	
9.791929497609037636e-01	2.080705023909628845e-02	0.000000000000000000e+00	
1.000000000000000000e+00	0.000000000000000000e+00	0.000000000000000000e+00	
9.884711208831812312e-01	0.000000000000000000e+00	1.152887911681873233e-02	
5.865971627949733147e-01	0.000000000000000000e+00	4.134028372050266853e-01	
8.699158459684186440e-01	8.522014105337850920e-02	4.486401297820293704e-02	
9.137243751972862205e-01	0.000000000000000000e+00	8.627562480271379342e-02	
8.995552740039737261e-01	0.000000000000000000e+00	1.004447259960262046e-01	
9.232962557190901309e-01	0.000000000000000000e+00	7.670374428090982744e-02	
5.753199498333669837e-01	6.793264949186879082e-04	4.240007236717142636e-01	
2.651039294887875819e-01	2.935137056147455459e-01	4.413823648964668167e-01	
9.853483711415547130e-01	8.598889421643742675e-03	6.052739436801562491e-03	
7.785937531532263201e-01	2.726262202938831494e-02	1.941436248173853962e-01	
7.256411901699694189e-01	0.000000000000000000e+00	2.743588098300306921e-01	
9.889086485183921083e-01	0.000000000000000000e+00	1.109135148160793165e-02	
9.671124759125189208e-01	0.000000000000000000e+00	3.288752408748107231e-02	
9.873623585755602061e-01	0.000000000000000000e+00	1.263764142443989970e-02	
7.980407534486179122e-01	1.997307125494930391e-01	2.228534001889034399e-03	
4.627034659144598217e-01	0.000000000000000000e+00	5.372965340855402339e-01	
9.001720242655069093e-01	9.982797573449307682e-02	0.000000000000000000e+00	
9.139400533800715598e-01	0.000000000000000000e+00	8.605994661992855121e-02	
9.417767002747764460e-01	0.000000000000000000e+00	5.822329972522346381e-02	
1.000000000000000000e+00	0.000000000000000000e+00	0.000000000000000000e+00	
7.910497605693874723e-01	2.089502394306126110e-01	0.000000000000000000e+00	
7.867587686003990610e-01	3.807632698763575158e-02	1.751649044119651943e-01	
9.240106745151430712e-01	2.006447705640899623e-02	5.592484842844800547e-02	
9.150031936208169459e-01	5.310322639188338328e-02	3.189357998729964311e-02	
7.266624350980135372e-01	3.889753274314158848e-02	2.344400321588449854e-01	
8.242069910919015419e-01	1.524376551849411232e-01	2.335535372315731759e-02	
9.710565328571320043e-01	2.497388584954299967e-02	3.969581293324980428e-03	
1.000000000000000000e+00	0.000000000000000000e+00	0.000000000000000000e+00	
1.000000000000000000e+00	0.000000000000000000e+00	0.000000000000000000e+00	
7.914983154488708372e-01	0.000000000000000000e+00	2.085016845511291350e-01	
9.934478002552179499e-01	6.552199744782152488e-03	0.000000000000000000e+00	
6.531353830041403130e-01	3.468646169958596315e-01	0.000000000000000000e+00	
9.417852428005534238e-01	0.000000000000000000e+00	5.821475719944656929e-02	
5.530868049191125513e-01	5.564357844315554608e-02	3.912696166377317986e-01	
8.144851161561937891e-01	1.855148838438062664e-01	0.000000000000000000e+00	
6.395410509586813008e-01	0.000000000000000000e+00	3.604589490413187547e-01	
9.222721227552925782e-01	0.000000000000000000e+00	7.772787724470753279e-02	
7.991967911430717386e-01	1.075718885710447020e-01	9.323132028588353160e-02	
9.990563476002652932e-01	0.000000000000000000e+00	9.436523997346826483e-04	
6.070446082710073687e-01	3.929553917289926313e-01	0.000000000000000000e+00	
9.733772621055328811e-01	0.000000000000000000e+00	2.662273789446725769e-02	
9.732791474227417972e-01	1.312609711673285752e-02	1.359475546052534012e-02	
1.000000000000000000e+00	0.000000000000000000e+00	0.000000000000000000e+00	
9.734678731768273696e-01	0.000000000000000000e+00	2.653212682317261997e-02	
9.552892569233752962e-01	0.000000000000000000e+00	4.471074307662460667e-02	
1.000000000000000000e+00	0.000000000000000000e+00	0.000000000000000000e+00	
9.995918113273017935e-01	0.000000000000000000e+00	4.081886726983249706e-04	
8.829192841316195750e-01	1.093213866145521240e-01	7.759329253828339996e-03	
8.942805222121695818e-01	0.000000000000000000e+00	1.057194777878304737e-01	
9.664811383740981032e-01	0.000000000000000000e+00	3.351886162590191759e-02	
6.163413209111939794e-01	3.836586790888059650e-01	0.000000000000000000e+00	
9.901424289814094726e-01	0.000000000000000000e+00	9.857571018590485790e-03	
7.384840762669709902e-01	7.086862164922317318e-03	2.544290615681066847e-01	
1.000000000000000000e+00	0.000000000000000000e+00	0.000000000000000000e+00	
9.938973845623809700e-01	0.000000000000000000e+00	6.102615437619100282e-03	
9.129471760772517319e-01	0.000000000000000000e+00	8.705282392274833747e-02	
9.939557560618924592e-01	0.000000000000000000e+00	6.044243938107585895e-03	
9.921959486800696615e-01	0.000000000000000000e+00	7.804051319930263922e-03	
5.191887350233628240e-01	0.000000000000000000e+00	4.808112649766370095e-01	
9.464929666150445620e-01	2.365457290879376118e-02	2.985246047616164217e-02	
8.106812119599501321e-01	3.627984051051456882e-02	1.530389475295353685e-01	
9.262904518364020179e-01	0.000000000000000000e+00	7.370954816359802375e-02	
9.213483553016738048e-01	0.000000000000000000e+00	7.865164469832615357e-02	
6.975550238416733384e-01	0.000000000000000000e+00	3.024449761583267171e-01	
7.261085190081116858e-01	2.738914809918883142e-01	0.000000000000000000e+00	
1.000000000000000000e+00	0.000000000000000000e+00	0.000000000000000000e+00	
8.849900203548328737e-01	0.000000000000000000e+00	1.150099796451670153e-01	
8.303668342277900072e-01	1.781750488745239560e-04	1.694549907233353636e-01	
6.207185556055323516e-01	0.000000000000000000e+00	3.792814443944675928e-01	
8.761953174213347184e-01	4.430296161642061775e-02	7.950172096224461527e-02	
6.983228453703926863e-01	9.672554958492321844e-03	2.920045996711150282e-01	
9.225531236482643616e-01	5.706073898740400552e-02	2.038613736433158782e-02	
8.810972806633925458e-01	0.000000000000000000e+00	1.189027193366074542e-01	
9.848634089596767227e-01	6.798308747347219134e-03	8.338282292976053819e-03	
9.137269113075733307e-01	0.000000000000000000e+00	8.627308869242657219e-02	
1.000000000000000000e+00	0.000000000000000000e+00	0.000000000000000000e+00	
9.989515937897044395e-01	0.000000000000000000e+00	1.048406210295581937e-03	
1.000000000000000000e+00	0.000000000000000000e+00	0.000000000000000000e+00	
4.648923521869662845e-01	4.258281573582163582e-03	5.308493662394515589e-01	
8.958853602671477123e-01	0.000000000000000000e+00	1.041146397328522877e-01	
4.934509819968158073e-01	1.820664951668991491e-02	4.883423684864944270e-01	
1.000000000000000000e+00	0.000000000000000000e+00	0.000000000000000000e+00	
9.846326877378089870e-01	0.000000000000000000e+00	1.536731226219102166e-02	
7.999668170140017409e-01	0.000000000000000000e+00	2.000331829859982313e-01	
7.596419486353371830e-01	0.000000000000000000e+00	2.403580513646628725e-01	
9.745568820452323866e-01	0.000000000000000000e+00	2.544311795476748503e-02	
8.492828848064241098e-01	6.183509714303520033e-02	8.888201805054075921e-02	
9.958502615697519822e-01	0.000000000000000000e+00	4.149738430248068113e-03	
7.180388645796138558e-01	0.000000000000000000e+00	2.819611354203860332e-01	
9.587730232669501307e-01	7.130989821962247519e-04	4.051387775085350806e-02	
9.041923352890564036e-01	0.000000000000000000e+00	9.580766471094356862e-02	
1.000000000000000000e+00	0.000000000000000000e+00	0.000000000000000000e+00	
5.770216962085260581e-01	6.756898905991229332e-02	3.554093147315616763e-01	
1.000000000000000000e+00	0.000000000000000000e+00	0.000000000000000000e+00	
7.425545049913132578e-01	2.153702070222139886e-01	4.207528798647285073e-02	
8.413693129210048083e-01	1.586306870789951362e-01	0.000000000000000000e+00	
8.247991704021572223e-01	1.234877902470749023e-02	1.628520505731352042e-01	
9.651838988328224067e-01	0.000000000000000000e+00	3.481610116717766268e-02	
1.000000000000000000e+00	0.000000000000000000e+00	0.000000000000000000e+00	
9.414600860248677483e-01	0.000000000000000000e+00	5.853991397513227252e-02	
8.564717307321013662e-01	0.000000000000000000e+00	1.435282692678986893e-01	
8.710238835420830439e-01	0.000000000000000000e+00	1.289761164579168728e-01	
9.195124464105184359e-01	0.000000000000000000e+00	8.048755358948152250e-02	
8.139278684390393037e-01	0.000000000000000000e+00	1.860721315609606130e-01	
5.373160318842193917e-01	1.501124259598503666e-03	4.611828438561821897e-01	
9.979934485329104987e-01	0.000000000000000000e+00	2.006551467089488262e-03	
9.935455299892985703e-01	6.454470010701440948e-03	0.000000000000000000e+00	
1.000000000000000000e+00	0.000000000000000000e+00	0.000000000000000000e+00	
8.952964055872769666e-01	7.268335572631565156e-02	3.202023868640740956e-02	
7.680952639070087740e-01	6.098566069368475950e-02	1.709190753993063694e-01	
9.972926870418457046e-01	0.000000000000000000e+00	2.707312958154341372e-03	
6.467151271992087613e-01	6.288332880174272652e-03	3.469965399206169088e-01	
9.708392664290121932e-01	0.000000000000000000e+00	2.916073357098777907e-02	
5.626406348275297953e-01	3.569987809557172431e-01	8.036058421675298935e-02	
7.145113500066172518e-01	0.000000000000000000e+00	2.854886499933828037e-01	
9.599918449770279416e-01	0.000000000000000000e+00	4.000815502297203757e-02	
9.698082692940206417e-01	0.000000000000000000e+00	3.019173070597932010e-02	
8.452719963161954286e-01	1.371502023318366958e-01	1.757780135196783736e-02	
1.000000000000000000e+00	0.000000000000000000e+00	0.000000000000000000e+00	
9.625450221025361186e-01	2.047021003885250365e-02	1.698476785861148530e-02	
9.990622488365398235e-01	0.000000000000000000e+00	9.377511634602376557e-04	
9.150346125173067779e-01	4.715099757828949273e-02	3.781438990440361830e-02	
9.410267575891336778e-01	0.000000000000000000e+00	5.897324241086637081e-02	
9.990198438578861140e-01	0.000000000000000000e+00	9.801561421138645525e-04	
8.112983805335542975e-01	5.546523896659804470e-02	1.332363804998476231e-01	
9.977210642084478609e-01	0.000000000000000000e+00	2.278935791552143438e-03	
7.617446562116778619e-01	0.000000000000000000e+00	2.382553437883221659e-01	
5.139146869466361123e-01	4.004080812737375594e-01	8.567723177962627279e-02	
6.806573308240824183e-01	3.675309016145276997e-02	2.825895790144647979e-01	
8.546056218852919883e-01	1.346226476953935325e-01	1.077173041931435427e-02	
8.910260594374346255e-01	9.299605942185509844e-02	1.597788114071039406e-02	
7.587987088013214976e-01	0.000000000000000000e+00	2.412012911986785579e-01	
9.702460247886174338e-01	2.975397521138255924e-02	0.000000000000000000e+00	
9.661448945028610069e-01	2.037032139281023252e-02	1.348478410432868597e-02	
9.592846545056511465e-01	0.000000000000000000e+00	4.071534549434888822e-02	
7.234804875504655675e-01	2.328342849263099756e-01	4.368522752322438057e-02	
9.173399806003899037e-01	0.000000000000000000e+00	8.266001939961002687e-02	
1.000000000000000000e+00	0.000000000000000000e+00	0.000000000000000000e+00	
5.533661066150863395e-01	4.446731493785327505e-01	1.960744006380973382e-03	
8.454054015987810811e-01	3.426911977998708253e-02	1.203254786212316907e-01	
1.000000000000000000e+00	0.000000000000000000e+00	0.000000000000000000e+00	
1.000000000000000000e+00	0.000000000000000000e+00	0.000000000000000000e+00	
9.391546574112594747e-01	0.000000000000000000e+00	6.084534258874044199e-02	
7.516517501598839468e-01	0.000000000000000000e+00	2.483482498401160532e-01	
7.153643037894277246e-01	0.000000000000000000e+00	2.846356962105723865e-01	
1.000000000000000000e+00	0.000000000000000000e+00	0.000000000000000000e+00	
6.540785413373757518e-01	3.436785918007335128e-01	2.242866861890674759e-03	
1.000000000000000000e+00	0.000000000000000000e+00	0.000000000000000000e+00	
8.047158686618991474e-01	0.000000000000000000e+00	1.952841313381007415e-01	
9.678388808459442716e-01	0.000000000000000000e+00	3.216111915405569371e-02	
8.777499811348369319e-01	0.000000000000000000e+00	1.222500188651631375e-01	
7.001539486955272729e-01	5.937326385539686696e-03	2.939087249189329953e-01	
7.106431595843323290e-01	2.893568404156677265e-01	0.000000000000000000e+00	
9.999514882575133434e-01	0.000000000000000000e+00	4.851174248665370638e-05	
9.841897418631723182e-01	0.000000000000000000e+00	1.581025813682760892e-02	
6.872708504827547138e-01	0.000000000000000000e+00	3.127291495172453417e-01	
9.566166296026458182e-01	0.000000000000000000e+00	4.338337039735413320e-02	
1.000000000000000000e+00	0.000000000000000000e+00	0.000000000000000000e+00	
9.906810030714521265e-01	9.318996928547937722e-03	0.000000000000000000e+00	
9.614814058442934241e-01	3.851859415570654116e-02	0.000000000000000000e+00	
9.969216382834368284e-01	0.000000000000000000e+00	3.078361716563027175e-03	
8.919862916057982316e-01	0.000000000000000000e+00	1.080137083942017406e-01	
8.285941271814588616e-01	1.184324436532715186e-01	5.297342916526954354e-02	
9.817051281408817331e-01	0.000000000000000000e+00	1.829487185911825298e-02	
8.828529874139224853e-01	0.000000000000000000e+00	1.171470125860774730e-01	
8.851054768012855956e-01	0.000000000000000000e+00	1.148945231987144044e-01	
7.234277177808020598e-01	1.831926346906307956e-01	9.337964752856717232e-02	
7.248057839215749087e-01	2.751942160784251468e-01	0.000000000000000000e+00	
9.654835269669000963e-01	2.238075649324803955e-03	3.227839738377520640e-02	
9.968215751103236544e-01	3.178424889676316565e-03	0.000000000000000000e+00	
9.600075612427079186e-01	1.246098060776274635e-02	2.753145814952923445e-02	
7.071361531751211293e-01	0.000000000000000000e+00	2.928638468248788151e-01	
9.930175439375916735e-01	0.000000000000000000e+00	6.982456062408254512e-03	
9.909872198967819568e-01	0.000000000000000000e+00	9.012780103217959971e-03	
5.116720299953753104e-01	2.147960173295621912e-04	4.881131739872951458e-01	
9.505828722017722887e-01	0.000000000000000000e+00	4.941712779822770435e-02	
1.000000000000000000e+00	0.000000000000000000e+00	0.000000000000000000e+00	
9.644276562382445572e-01	0.000000000000000000e+00	3.557234376175540114e-02	
9.139561129488983360e-01	1.075086151227134905e-02	7.529302553883039650e-02	
9.624378030556701713e-01	0.000000000000000000e+00	3.756219694432975931e-02	
7.546138195978472352e-01	0.000000000000000000e+00	2.453861804021528203e-01	
6.490700410806695686e-01	0.000000000000000000e+00	3.509299589193304869e-01	
1.000000000000000000e+00	0.000000000000000000e+00	0.000000000000000000e+00	
8.888220325353961560e-01	1.623888102892588614e-02	9.493908643567805505e-02	
6.945509994537656384e-01	3.054490005462343061e-01	0.000000000000000000e+00	
1.000000000000000000e+00	0.000000000000000000e+00	0.000000000000000000e+00	
9.875241415862724415e-01	0.000000000000000000e+00	1.247585841372762447e-02	
1.000000000000000000e+00	0.000000000000000000e+00	0.000000000000000000e+00	
1.000000000000000000e+00	0.000000000000000000e+00	0.000000000000000000e+00	
1.000000000000000000e+00	0.000000000000000000e+00	0.000000000000000000e+00	
7.250406462420055931e-01	1.864397107984489248e-03	2.730949566500101011e-01	
1.000000000000000000e+00	0.000000000000000000e+00	0.000000000000000000e+00	
6.741326579896673721e-01	0.000000000000000000e+00	3.258673420103326834e-01	
9.859736012287463325e-01	0.000000000000000000e+00	1.402639877125374732e-02	
7.987688084296771240e-01	0.000000000000000000e+00	2.012311915703228482e-01	
9.375720285233692941e-01	5.973486284575215549e-02	2.693108630878549101e-03	
1.000000000000000000e+00	0.000000000000000000e+00	0.000000000000000000e+00	
9.779046730786248309e-01	0.000000000000000000e+00	2.209532692137525581e-02	
6.384183757696272332e-01	4.554254242580652035e-02	3.160390818045663019e-01	
8.491928029423747581e-01	0.000000000000000000e+00	1.508071970576252696e-01	
9.763178540778075787e-01	2.079073647397981436e-02	2.891409448212619530e-03	
6.060366920876149033e-01	3.814310966162655636e-01	1.253221129611971525e-02	
9.037937294190546700e-01	6.220390892872618843e-02	3.400236165221914159e-02	
7.796762238940841971e-01	2.077978520887361902e-01	1.252592401717958492e-02	
5.331220832649591346e-01	0.000000000000000000e+00	4.668779167350409209e-01	
8.460529130928177155e-01	0.000000000000000000e+00	1.539470869071821735e-01	
7.618560936802672989e-01	2.381439063197327011e-01	0.000000000000000000e+00	
9.098166595278208701e-01	0.000000000000000000e+00	9.018334047217917149e-02	
1.000000000000000000e+00	0.000000000000000000e+00	0.000000000000000000e+00	
5.295797897702816392e-01	4.448884791187046606e-01	2.553173111101360998e-02	
6.354139540536541952e-01	0.000000000000000000e+00	3.645860459463457492e-01	
8.201151797106980279e-01	6.402959578701773735e-02	1.158552245022841515e-01	
9.584415308199546457e-01	0.000000000000000000e+00	4.155846918004538204e-02	
9.670526086966386714e-01	3.294739130336130084e-02	0.000000000000000000e+00	
8.618594786746597292e-01	0.000000000000000000e+00	1.381405213253401043e-01	
9.422423202156193778e-01	1.332003484557469850e-02	4.443764493880601046e-02	
1.000000000000000000e+00	0.000000000000000000e+00	0.000000000000000000e+00	
9.887799518255524500e-01	1.122004817444745457e-02	0.000000000000000000e+00	
6.237185190960571335e-01	5.884792186374430967e-02	3.174335590401984875e-01	
7.091510062150493399e-01	1.318768744461255773e-03	2.895302250404894195e-01	
9.728289419163949070e-01	0.000000000000000000e+00	2.717105808360508259e-02	
9.582369941307777861e-01	0.000000000000000000e+00	4.176300586922217228e-02	
9.305899180870446097e-01	0.000000000000000000e+00	6.941008191295541807e-02	
8.456226778841364755e-01	0.000000000000000000e+00	1.543773221158635522e-01	
7.306783539057398746e-01	1.813192237252222658e-02	2.511897237217379231e-01	
1.000000000000000000e+00	0.000000000000000000e+00	0.000000000000000000e+00	
5.784987842923412504e-01	4.042316833845877033e-01	1.726953232307098032e-02	
9.061474538532043876e-01	0.000000000000000000e+00	9.385254614679551521e-02	
9.904527111205387868e-01	0.000000000000000000e+00	9.547288879461270431e-03	
1.000000000000000000e+00	0.000000000000000000e+00	0.000000000000000000e+00	
8.648086646204108385e-01	0.000000000000000000e+00	1.351913353795891615e-01	
6.427515904906296873e-01	3.572484095093703127e-01	0.000000000000000000e+00	
5.331971350573537771e-01	3.862979865190579454e-01	8.050487842358836077e-02	
7.982030275606670777e-01	2.017969724393328668e-01	0.000000000000000000e+00	
1.000000000000000000e+00	0.000000000000000000e+00	0.000000000000000000e+00	
7.622140001927240061e-01	0.000000000000000000e+00	2.377859998072759662e-01	
7.681729212387179428e-01	0.000000000000000000e+00	2.318270787612820294e-01	
6.990728904023352230e-01	1.551992211200421690e-02	2.854071874856605184e-01	
9.347324748864412891e-01	0.000000000000000000e+00	6.526752511355878028e-02	
9.703858533699565303e-01	1.246480753999865999e-02	1.714933909004489124e-02	
9.322245348535890264e-01	0.000000000000000000e+00	6.777546514641097364e-02	
8.700471550308668256e-01	0.000000000000000000e+00	1.299528449691330356e-01	
6.440740842161596369e-01	3.487632949020001427e-01	7.162620881840268093e-03	
5.090967238065277067e-01	0.000000000000000000e+00	4.909032761934722378e-01	
8.090274935989341110e-01	1.434506264015009414e-01	4.752187999956485054e-02	
6.704076219051793295e-01	0.000000000000000000e+00	3.295923780948206705e-01	
6.083709976159005217e-01	0.000000000000000000e+00	3.916290023840995338e-01	
8.838133477513903102e-01	8.941210685657929869e-02	2.677454539203045700e-02	
6.021092303003335866e-01	0.000000000000000000e+00	3.978907696996665244e-01	
9.148106388227970065e-01	0.000000000000000000e+00	8.518936117720304901e-02	
7.824276725866540216e-01	2.035092600312514710e-01	1.406306738209450562e-02	
8.575678458786477609e-01	0.000000000000000000e+00	1.424321541213522946e-01	
7.033542180296324942e-01	0.000000000000000000e+00	2.966457819703676169e-01	
5.827814257119875441e-01	1.038573710833887685e-02	4.068328371796736120e-01	
9.737096390553410252e-01	0.000000000000000000e+00	2.629036094465891232e-02	
1.000000000000000000e+00	0.000000000000000000e+00	0.000000000000000000e+00	
7.545112206876456451e-01	2.442012194285455573e-01	1.287559883808744475e-03	
7.819237420683212703e-01	2.014237026242206852e-01	1.665255530745810356e-02	
8.353064840840258576e-01	0.000000000000000000e+00	1.646935159159741979e-01	
6.672380200498951863e-01	0.000000000000000000e+00	3.327619799501049247e-01	
9.131346490045262332e-01	0.000000000000000000e+00	8.686535099547376682e-02	
1.000000000000000000e+00	0.000000000000000000e+00	0.000000000000000000e+00	
1.000000000000000000e+00	0.000000000000000000e+00	0.000000000000000000e+00	
9.991476935786814950e-01	0.000000000000000000e+00	8.523064213184501203e-04	
9.390953536024692072e-01	6.090464639753075116e-02	0.000000000000000000e+00	
9.151416304227282250e-01	0.000000000000000000e+00	8.485836957727176111e-02	
9.787497155114144309e-01	0.000000000000000000e+00	2.125028448858567315e-02	
9.515292893324400758e-01	0.000000000000000000e+00	4.847071066755993113e-02	
1.000000000000000000e+00	0.000000000000000000e+00	0.000000000000000000e+00	
9.375849364873188874e-01	5.048726564851875598e-02	1.192779786416237747e-02	
5.250126421266807508e-01	6.217538903769008300e-03	4.687698189695502227e-01	
9.559710890865594779e-01	0.000000000000000000e+00	4.402891091344047353e-02	
6.951208001523059288e-01	0.000000000000000000e+00	3.048791998476939602e-01	
1.000000000000000000e+00	0.000000000000000000e+00	0.000000000000000000e+00	
8.962857020483202541e-01	0.000000000000000000e+00	1.037142979516797459e-01	
9.380658317858897588e-01	1.494441042678465621e-02	4.698975778732551734e-02	
9.635126919550943692e-01	0.000000000000000000e+00	3.648730804490562390e-02	
1.000000000000000000e+00	0.000000000000000000e+00	0.000000000000000000e+00	
5.488086860461383054e-01	1.417634194653472242e-02	4.370149720073269184e-01	
8.751020712845283267e-01	0.000000000000000000e+00	1.248979287154717149e-01	
9.700387071813798556e-01	0.000000000000000000e+00	2.996129281862019642e-02	
9.785677205778059440e-01	0.000000000000000000e+00	2.143227942219409765e-02	
7.391720292515713275e-01	6.942914965777522741e-03	2.538850557826511922e-01	
5.419153486744415771e-01	7.862581432853428878e-03	4.502220698927050235e-01	
9.996165466695225987e-01	3.834533304774061452e-04	0.000000000000000000e+00	
8.697271010704060723e-01	7.525771696359702216e-03	1.227471272332343322e-01	
9.464922706171062794e-01	0.000000000000000000e+00	5.350772938289372754e-02	
8.788310628172244510e-01	0.000000000000000000e+00	1.211689371827756323e-01	
9.151940388490398259e-01	0.000000000000000000e+00	8.480596115096006304e-02	
1.000000000000000000e+00	0.000000000000000000e+00	0.000000000000000000e+00	
1.000000000000000000e+00	0.000000000000000000e+00	0.000000000000000000e+00	
6.418900329864436483e-01	7.611915095453519568e-03	3.504980519181027931e-01	
8.746129755683904605e-01	0.000000000000000000e+00	1.253870244316095950e-01	
6.182749942606599047e-01	3.530109922204625605e-01	2.871401351887759718e-02	
9.554933762469199898e-01	0.000000000000000000e+00	4.450662375308003099e-02	
8.815061811351607712e-01	1.184938188648392704e-01	0.000000000000000000e+00	
7.932286670830378528e-01	2.067713329169620917e-01	0.000000000000000000e+00	
9.674561444434172097e-01	0.000000000000000000e+00	3.254385555658285967e-02	
8.790612848815566593e-01	0.000000000000000000e+00	1.209387151184434239e-01	
9.425560936024615089e-01	1.128659191919271880e-02	4.615731447834582613e-02	
8.183857180221252303e-01	0.000000000000000000e+00	1.816142819778747697e-01	
9.574252073119715600e-01	0.000000000000000000e+00	4.257479268802838446e-02	
9.618718912429244927e-01	0.000000000000000000e+00	3.812810875707548647e-02	
9.486330112220148214e-01	5.136698877798520635e-02	0.000000000000000000e+00	
9.346953641149496894e-01	0.000000000000000000e+00	6.530463588505021344e-02	
8.756116632258181820e-01	2.212426188232691562e-02	1.022640748918548226e-01	
7.990132726105062533e-01	0.000000000000000000e+00	2.009867273894938300e-01	
8.719712082302032430e-01	0.000000000000000000e+00	1.280287917697968403e-01	
5.894536913493529928e-01	0.000000000000000000e+00	4.105463086506468962e-01	
7.568612683403674879e-01	2.431387316596325954e-01	0.000000000000000000e+00	
8.988791667293792864e-01	8.480300355527990719e-02	1.631782971534081680e-02	
7.694742237540431740e-01	0.000000000000000000e+00	2.305257762459568815e-01	
9.451489181227685776e-01	0.000000000000000000e+00	5.485108187723140155e-02	
9.827013287943047182e-01	1.049333596729430836e-02	6.805335238400970869e-03	
9.603242748759839298e-01	1.197857491625753563e-02	2.769715020775850856e-02	
9.766396953840149608e-01	0.000000000000000000e+00	2.336030461598503916e-02	
9.553588563961367131e-01	4.464114360386331470e-02	0.000000000000000000e+00	
6.449453056702566522e-01	0.000000000000000000e+00	3.550546943297432922e-01	
9.644211364096241246e-01	0.000000000000000000e+00	3.557886359037596563e-02	
9.852954070249497764e-01	0.000000000000000000e+00	1.470459297505026866e-02	
4.595459641574051179e-01	0.000000000000000000e+00	5.404540358425948821e-01	
6.402411038136219812e-01	0.000000000000000000e+00	3.597588961863780188e-01	
4.699236542564826924e-01	4.589944232556442409e-04	5.296173513202617755e-01	
6.424986231582751062e-01	3.575013768417249493e-01	0.000000000000000000e+00	
1.000000000000000000e+00	0.000000000000000000e+00	0.000000000000000000e+00	
1.000000000000000000e+00	0.000000000000000000e+00	0.000000000000000000e+00	
5.426412126657065294e-01	4.831896483792496970e-03	4.525268908505010734e-01	
5.011036035153387802e-01	3.778489639418284307e-01	1.210474325428327613e-01	
6.268004017757669022e-01	3.333868059298572550e-01	3.981279229437581502e-02	
7.102375194162968697e-01	2.568993459740668284e-01	3.286313460963651012e-02	
7.165122223040499838e-01	0.000000000000000000e+00	2.834877776959500162e-01	
9.322885026746947634e-01	0.000000000000000000e+00	6.771149732530522269e-02	
9.888879292573017343e-01	0.000000000000000000e+00	1.111207074269830383e-02	
7.601302055536810487e-01	2.398697944463188680e-01	0.000000000000000000e+00	
8.724264198454144692e-01	2.205997371409667770e-02	1.055136064404889468e-01	
1.000000000000000000e+00	0.000000000000000000e+00	0.000000000000000000e+00	
9.173138992755935917e-01	0.000000000000000000e+00	8.268610072440631120e-02	
7.013658953169494836e-01	2.986341046830505719e-01	0.000000000000000000e+00	
5.868742101668623645e-01	4.101044605518427422e-01	3.021329281294887672e-03	
8.740988802750420117e-01	0.000000000000000000e+00	1.259011197249580438e-01	
5.770250842351231091e-01	3.977456909491486892e-01	2.522922481572820522e-02	
5.487969342767409220e-01	3.833689721341657641e-01	6.783409358909335551e-02	
7.111087737128466424e-01	0.000000000000000000e+00	2.888912262871533021e-01	
9.748232132255478799e-01	0.000000000000000000e+00	2.517678677445210622e-02	
8.839251786335651229e-01	0.000000000000000000e+00	1.160748213664348910e-01	
9.392676009014448990e-01	0.000000000000000000e+00	6.073239909855512875e-02	
9.206826756936169476e-01	0.000000000000000000e+00	7.931732430638313569e-02	
9.434717336554518941e-01	5.652826634454821003e-02	0.000000000000000000e+00	
9.784934465933262659e-01	0.000000000000000000e+00	2.150655340667387977e-02	
9.921494210560362070e-01	7.850578943963791231e-03	0.000000000000000000e+00	
8.471908849215604720e-01	1.528091150784395280e-01	0.000000000000000000e+00	
9.145304908559316326e-01	0.000000000000000000e+00	8.546950914406836741e-02	
9.552231805873701020e-01	0.000000000000000000e+00	4.477681941262984938e-02	
9.199933685567869279e-01	1.433494214016468003e-02	6.567168930304824459e-02	
6.923456130173610834e-01	0.000000000000000000e+00	3.076543869826389721e-01	
8.448134811760905638e-01	1.551865188239094084e-01	0.000000000000000000e+00	
8.205136017474388144e-01	0.000000000000000000e+00	1.794863982525612134e-01	
8.538062152947426542e-01	2.743412417516492147e-02	1.187596605300924590e-01	
5.586618408560833915e-01	0.000000000000000000e+00	4.413381591439165530e-01	
5.274162946339207014e-01	4.598028236770682065e-01	1.278088168901108865e-02	
5.687719155752305467e-01	6.808626561905205439e-03	4.244194578628642245e-01	
1.000000000000000000e+00	0.000000000000000000e+00	0.000000000000000000e+00	
8.496293453901541115e-01	1.033298014591903097e-01	4.704085315065557188e-02	
9.574263087745863432e-01	0.000000000000000000e+00	4.257369122541364292e-02	
5.911057661313642297e-01	2.440934670252476249e-02	3.844848871661109557e-01	
9.713666771142286382e-01	0.000000000000000000e+00	2.863332288577135828e-02	
7.282754179579509213e-01	0.000000000000000000e+00	2.717245820420491342e-01	
9.491043845546861535e-01	3.582680536905971658e-02	1.506881007625420800e-02	
4.854134002900659661e-01	2.858855836965277786e-01	2.287010160134062275e-01	
6.686660021840385992e-01	9.055760417885812263e-03	3.222782373980756510e-01	
5.692593485553788524e-01	4.273911159625114475e-01	3.349535482109635906e-03	
6.547357447359483107e-01	7.940909346953481038e-03	3.373233459170981718e-01	
6.669770751139924014e-01	3.330229248860076541e-01	0.000000000000000000e+00	
4.624953154089621599e-01	0.000000000000000000e+00	5.375046845910379512e-01	
8.207548132135139562e-01	0.000000000000000000e+00	1.792451867864859882e-01	
5.994497574917649896e-01	1.226433855024045873e-02	3.882859039579945049e-01	
9.098288409469008631e-01	0.000000000000000000e+00	9.017115905309917856e-02	
9.906392463140343274e-01	0.000000000000000000e+00	9.360753685965717691e-03	
9.575079694757061555e-01	0.000000000000000000e+00	4.249203052429373351e-02	
9.136053460062334430e-01	0.000000000000000000e+00	8.639465399376665411e-02	
6.222175145862074430e-01	2.641839435044379333e-02	3.513640910633487602e-01	
9.664565408046782435e-01	2.488760890600818371e-02	8.655850289313699389e-03	
9.625284474903670340e-01	6.938892918487331654e-03	3.053265959114571937e-02	
9.859625231670913204e-01	1.403747683290867965e-02	0.000000000000000000e+00	
5.354147329508781583e-01	4.645852670491217862e-01	0.000000000000000000e+00	
8.170862438821422380e-01	0.000000000000000000e+00	1.829137561178577343e-01	
1.000000000000000000e+00	0.000000000000000000e+00	0.000000000000000000e+00	
8.581228752275574800e-01	0.000000000000000000e+00	1.418771247724425200e-01	
6.270717605081989054e-01	1.478616656269667873e-01	2.250665738648342795e-01	
9.590655607228892876e-01	3.550479251367427702e-02	5.429646763436446651e-03	
1.000000000000000000e+00	0.000000000000000000e+00	0.000000000000000000e+00	
1.000000000000000000e+00	0.000000000000000000e+00	0.000000000000000000e+00	
7.607038480996012320e-01	1.910594998211023049e-02	2.201902019182885584e-01	
6.365148933635390582e-01	0.000000000000000000e+00	3.634851066364610528e-01	
5.611100336158604263e-01	4.269383176372315569e-01	1.195164874690800814e-02	
6.623734891633457078e-01	3.376265108366542922e-01	0.000000000000000000e+00	
7.599191306628271247e-01	2.356776112711836055e-02	2.165131082100544835e-01	
7.514694586533193776e-01	0.000000000000000000e+00	2.485305413466805668e-01	
8.108778489909523879e-01	0.000000000000000000e+00	1.891221510090476399e-01	
7.792775868498109659e-01	0.000000000000000000e+00	2.207224131501889786e-01	
9.897493718782318650e-01	1.025062812176813845e-02	0.000000000000000000e+00	
1.000000000000000000e+00	0.000000000000000000e+00	0.000000000000000000e+00	
6.209235811306877961e-01	3.790764188693122594e-01	0.000000000000000000e+00	
7.983557340663343105e-01	0.000000000000000000e+00	2.016442659336657450e-01	
9.273308889144740164e-01	1.945167751904984879e-02	5.321743356647631179e-02	
6.140889730251111178e-01	3.429798513933874360e-01	4.293117558150137680e-02	
6.426769064662670727e-01	3.403412870918829380e-01	1.698180644184991636e-02	
7.056190098214496498e-01	4.473980078649977821e-02	2.496411893920506553e-01	
9.635631123241996665e-01	6.874430747495315812e-04	3.574944460105070054e-02	
8.529267675548721783e-01	0.000000000000000000e+00	1.470732324451276829e-01	
1.000000000000000000e+00	0.000000000000000000e+00	0.000000000000000000e+00	
4.806919915515558972e-01	0.000000000000000000e+00	5.193080084484441583e-01	
5.763577725996441581e-01	1.133713572385992158e-02	4.123050916764959828e-01	
7.971455656873288609e-01	0.000000000000000000e+00	2.028544343126711391e-01	
1.000000000000000000e+00	0.000000000000000000e+00	0.000000000000000000e+00	
1.000000000000000000e+00	0.000000000000000000e+00	0.000000000000000000e+00	
9.599199645265578118e-01	0.000000000000000000e+00	4.008003547344213963e-02	
9.409243748355281545e-01	0.000000000000000000e+00	5.907562516447190104e-02	
8.524629371945429135e-01	0.000000000000000000e+00	1.475370628054571975e-01	
1.000000000000000000e+00	0.000000000000000000e+00	0.000000000000000000e+00	
9.436649043324382147e-01	1.824140714448736766e-02	3.809368852307430664e-02	
9.778036480477744208e-01	0.000000000000000000e+00	2.219635195222565555e-02	
8.921624474088730716e-01	0.000000000000000000e+00	1.078375525911268867e-01	
9.623917582208448840e-01	0.000000000000000000e+00	3.760824177915501887e-02	
7.739573512609903005e-01	0.000000000000000000e+00	2.260426487390097550e-01	
9.593954818134163842e-01	0.000000000000000000e+00	4.060451818658362966e-02	
9.747402483973153231e-01	0.000000000000000000e+00	2.525975160268459363e-02	
7.138728403276628498e-01	0.000000000000000000e+00	2.861271596723370392e-01	
7.529519003929190379e-01	0.000000000000000000e+00	2.470480996070808788e-01	
8.649120693313411268e-01	1.345269366106554010e-01	5.609940580034264868e-04	
1.000000000000000000e+00	0.000000000000000000e+00	0.000000000000000000e+00	
9.061374922729594772e-01	0.000000000000000000e+00	9.386250772704064771e-02	
9.794613036808791362e-01	0.000000000000000000e+00	2.053869631912072502e-02	
9.618205860703195054e-01	0.000000000000000000e+00	3.817941392968053627e-02	
1.000000000000000000e+00	0.000000000000000000e+00	0.000000000000000000e+00	
8.204730667564344992e-01	0.000000000000000000e+00	1.795269332435654175e-01	
6.641459554297449719e-01	0.000000000000000000e+00	3.358540445702551946e-01	
8.218521917674868060e-01	0.000000000000000000e+00	1.781478082325131107e-01	
8.129822344891055597e-01	0.000000000000000000e+00	1.870177655108943571e-01	
9.067870001037053873e-01	0.000000000000000000e+00	9.321299989629454330e-02	
9.741351501573836114e-01	0.000000000000000000e+00	2.586484984261645109e-02	
5.308479565592197913e-01	1.968131535389459896e-02	4.494707280868855959e-01	
1.000000000000000000e+00	0.000000000000000000e+00	0.000000000000000000e+00	
9.921707168535661703e-01	0.000000000000000000e+00	7.829283146433746454e-03	
4.288441539127443303e-01	1.123190630980103188e-02	5.599239397774546934e-01	
9.001084304248085921e-01	0.000000000000000000e+00	9.989156957519140789e-02	
7.684949678759391833e-01	0.000000000000000000e+00	2.315050321240607889e-01	
1.000000000000000000e+00	0.000000000000000000e+00	0.000000000000000000e+00	
8.434795382874896719e-01	0.000000000000000000e+00	1.565204617125103281e-01	
8.018932758405377115e-01	0.000000000000000000e+00	1.981067241594623163e-01	
5.582261810751756315e-01	6.963222622695101243e-04	4.410774966625548577e-01	
9.879273622875672789e-01	0.000000000000000000e+00	1.207263771243271416e-02	
6.575201066112923431e-01	1.698362400807305189e-02	3.254962693806344731e-01	
9.891982363803678568e-01	0.000000000000000000e+00	1.080176361963207897e-02	
8.882281541279460901e-01	0.000000000000000000e+00	1.117718458720539654e-01	
9.470738823008403307e-01	1.537232525956320171e-02	3.755379243959640345e-02	
7.476531590487991430e-01	5.046063013338787477e-04	2.518422346498671027e-01	
7.199894071042182153e-01	0.000000000000000000e+00	2.800105928957817847e-01	
1.000000000000000000e+00	0.000000000000000000e+00	0.000000000000000000e+00	
9.635403659773553731e-01	3.645963402264464082e-02	0.000000000000000000e+00	
1.000000000000000000e+00	0.000000000000000000e+00	0.000000000000000000e+00	
9.812990851806621118e-01	0.000000000000000000e+00	1.870091481933785008e-02	
8.853799942279727553e-01	0.000000000000000000e+00	1.146200057720273141e-01	
9.966379747344276119e-01	0.000000000000000000e+00	3.362025265572426286e-03	
9.563441426441257054e-01	0.000000000000000000e+00	4.365585735587428073e-02	
8.485619489706693885e-01	4.347531227388368863e-02	1.079627387554468743e-01	
