M8,13.257810719324107,1.0507490330503815,85.69144024762551
M9,91.80834038344443,3.5439791050533747,4.647680511502195
M10,8.297470803896738,88.46513448852707,3.237394707576186
M7,51.74286225962068,46.434323307539806,1.8228144328395146
M9,92.61582247906443,3.252527424887524,4.131650096048042
M10,8.432306846402405,84.26803668183437,7.299656471763214
M7,46.03275367269194,51.70445355133791,2.262792775970148
M8,9.469394099366294,4.775097347066185,85.75550855356752
M10,5.672328963580847,88.09770451550287,6.229966520916278
M7,50.553163182506104,47.152760062475515,2.2940767550183807
M8,14.28707815068806,1.0720752465391945,84.64084660277274
M9,92.50420620727131,3.292228744792088,4.2035650479366025
M6,25.57164872442989,36.13783902059624,38.29051225497387
M9,91.35997685170531,6.30938627684694,2.330636871447748
M10,11.338236215040743,77.59147410109225,11.070289683867017
M6,20.091984580408983,38.64976892291771,41.2582464966733
M8,9.466421737185884,4.774557520702635,85.75902074211149
M10,10.59006683562278,74.82956165097885,14.580371513398376
M6,25.51444772750668,36.14244229495813,38.34310997753519
M8,12.369533038218371,5.053715567731578,82.57675139405005
M9,92.50472670386758,3.2920534955794833,4.203219800552941
M6,25.511201818361705,36.144458155957444,38.34434002568084
M7,46.9024772340996,48.877791525507625,4.219731240392775
M10,6.9961609046198365,87.3312836297903,5.672555465589852
M6,26.700704931270156,35.92280644866622,37.376488620063625
M7,48.35002834177533,47.66933067410505,3.980640984119624
M9,92.92669551423876,3.140437436077536,3.9328670496837055
M6,21.152947364862058,36.596825472027845,42.2502271631101
M7,41.36278771147964,53.4641868813615,5.17302540715886
M8,9.474555870687942,4.776022015944812,85.74942211336725
M5,46.90211139367366,30.035827630020094,23.06206097630625
M9,91.24521562648627,3.5387623656656158,5.216022007848114
M10,6.4890084174489155,87.09767390190376,6.413317680647324
M5,42.63408244516569,33.24241604067805,24.12350151415626
M8,9.708375535138444,4.898305226198352,85.39331923866321
M10,10.630601679662684,75.16440458701229,14.204993733325026
M5,50.770297133945306,23.282782362335602,25.94692050371909
M8,38.754035868884664,8.900957239184956,52.34500689193038
M9,91.22813774175583,3.5378333137005664,5.234028944543603
M5,42.634544784123044,33.241635974277024,24.123819241599932
M7,42.860810285285844,53.010430127115065,4.128759587599092
M10,5.685132258075518,88.26398074305409,6.050886998870396
M5,51.17600463353059,27.598463931713326,21.225531434756086
M7,54.25337482686332,43.33037094113586,2.416254232000817
M9,92.99689827002216,2.8623324824343404,4.140769247543503
M5,51.111153514165515,29.849211913743943,19.03963457209054
M7,46.084813446881505,51.74152099601625,2.1736655571022467
M8,9.708375284311554,4.898232171762437,85.39339254392601
M5,45.65716309803313,29.122382626919084,25.220454275047786
M6,27.04156977353185,39.24105821246415,33.717372014004006
M10,10.657385356566174,75.36295841597902,13.979656227454797
M5,54.11357778038127,23.19807663459509,22.68834558502364
M6,25.547086941348656,36.0981141784748,38.354798880176546
M9,90.4638203981108,8.650165822927853,0.8860137789613489
M5,42.006097175166346,32.73381361113681,25.260089213696844
M6,26.307787420810136,38.143030489592135,35.54918208959772
M8,35.84839451175179,9.482370289237906,54.6692351990103
M5,43.631728289609335,33.07887390988618,23.28939780050449
M6,27.041703474186463,39.240984742362315,33.71731178345122
M7,44.2419093442051,54.69980362005177,1.0582870357431347
M4,20.817632047871683,15.273435919828449,63.908932032299866
M9,88.53810396286187,9.032579609525074,2.429316427613058
M10,6.67435715456038,87.73680863205801,5.5888342133816025
M4,17.748779591706324,15.253818209873598,66.99740219842008
M8,9.708361479810469,4.898287454256718,85.39335106593282
M10,5.68506172605289,88.26408567781087,6.050852596136238
M4,17.821483749597746,15.011731190625694,67.16678505977656
M8,37.16299051514608,9.63357859419077,53.20343089066316
M9,97.80543116474585,1.041235867334266,1.1533329679198792
M4,17.74881613009661,15.253640608632796,66.9975432612706
M7,41.43053052112495,53.55775291846113,5.011716560413923
M10,5.685129747251471,88.26394083421023,6.050929418538303
M4,20.675762512380263,15.24792911207362,64.07630837554612
M7,49.12375135343404,48.548501716444996,2.3277469301209663
M9,89.45777686447316,9.150741062850052,1.3914820726767871
M4,17.834102462842207,15.273401947372797,66.892495589785
M7,46.08567333229488,51.739175378083466,2.1751512896216525
M8,4.415013020876722,3.9479740892329995,91.63701288989027
M4,15.886640854599644,18.890565401052058,65.2227937443483
M6,26.599155741408424,38.57866057364166,34.82218368494991
M10,5.676407027242558,88.10084778413307,6.222745188624373
M4,21.91450610075759,15.279469432953226,62.80602446628918
M6,31.7273569049159,37.481815216523756,30.79082787856035
M9,91.33870546181261,6.330154496168467,2.3311400420189248
M4,22.105401873415822,19.68402608788235,58.210572038701834
M6,20.894074556468627,36.502663384458174,42.6032620590732
M8,9.466226393724238,4.774521672264151,85.7592519340116
M4,17.64544848428854,15.007088862207064,67.3474626535044
M6,20.98060389778559,36.53414173920279,42.48525436301163
M7,45.354738601568876,51.959925594692386,2.685335803738738
M4,17.748815376650903,15.253881853401886,66.99730276994723
M5,42.63401309484555,33.24265240548814,24.123334499666313
M10,5.685052560259966,88.26412737355962,6.050820066180421
M4,24.325262413096503,18.407998107958804,57.266739478944686
M5,45.567190811553736,30.560505338954684,23.87230384949158
M9,90.03641107284564,5.749870695462056,4.213718231692305
M4,16.242944058203125,19.12990435909512,64.62715158270176
M5,42.63383826807647,33.24310233642778,24.12305939549575
M8,9.70834625677427,4.898243009341003,85.39341073388474
M4,17.74882839550636,15.253649413184267,66.99752219130937
M5,42.63408386901666,33.242627295978345,24.123288835004992
M7,46.085214555998036,51.74043338328208,2.174352060719883
M4,17.979792505640532,15.453822987363038,66.56638450699643
M5,42.83031985977728,33.404521876306205,23.76515826391651
M6,27.041568910017887,39.24101679478695,33.71741429519516
M3,7.003770753361484,71.18411813307611,21.81211111356241
M9,91.80722418336073,3.5444237632958497,4.6483520533434195
M10,6.645239628828231,87.72370664688131,5.631053724290453
M3,5.788377028441013,70.83536843889121,23.376254532667772
M8,9.466505275993388,4.774571462497434,85.75892326150918
M10,10.59111667622161,74.82917037208591,14.579712951692471
M3,4.865360763223409,73.66336883202192,21.471270404754677
M8,37.16450827702275,9.634052400083037,53.20143932289422
M9,88.5827345143542,10.284749321973525,1.1325161636722747
M3,4.742367774717764,73.6498314531905,21.607800772091736
M7,44.91361781389484,54.94148892283875,0.14489326326641105
M10,5.6705950078394105,88.09637596079644,6.233029031364154
M3,7.195847533938697,71.38190864159759,21.422243824463706
M7,50.21730814722132,49.63087816203941,0.15181369073927442
M9,92.50386193172187,3.2924560979482678,4.2036819703298605
M3,11.721133852349332,68.61749264838213,19.661373499268535
M7,44.92016170013252,54.94421497050708,0.13562332936039923
M8,36.476567405384046,9.65109631962663,53.87233627498932
M3,7.660769832289852,75.1891979843957,17.150032183314437
M6,26.307397550410943,38.14304883649948,35.54955361308958
M10,5.666880851786565,87.92131170929258,6.41180743892086
M3,5.640234849886141,74.85879389895368,19.50097125116018
M6,25.58195377185293,36.14091800458446,38.277128223562606
M9,91.3651451544233,6.308104468875688,2.3267503767010096
M3,14.806624856319438,67.04487819606611,18.148496947614447
M6,26.307767101261245,38.143055551657596,35.549177347081155
M8,35.85358020926472,9.48331847898981,54.66310131174547
M3,11.719548451987155,68.61805871859083,19.662392829422018
M6,21.05851192785576,36.562452951008005,42.37903512113623
M7,44.623215741058445,54.82068853076412,0.5560957281774321
M3,5.7296003184182736,71.57702754697101,22.693372134610712
M5,42.69362366321877,33.07974590024187,24.22663043653936
M10,5.685064473074213,88.26405643702306,6.050879089902722
M3,6.613490896646226,69.33930955420563,24.047199549148147
M5,46.868120481121444,30.00846889152676,23.123410627351795
M9,88.24170538849147,9.051248706626746,2.7070459048817863
M3,4.701429148574604,73.12798583713823,22.17058501428717
M5,42.00614612543873,32.73378128304973,25.260072591511538
M8,35.84751483027791,9.482204653458048,54.67028051626405
M3,4.760499955532784,74.11528055388533,21.124219490581893
M5,44.12197673964871,32.46438810252477,23.41363515782652
M7,44.92865916015785,54.960158613042694,0.11118222679945688
M3,4.995146198831922,77.95497592426015,17.049877876907928
M5,47.226818251619285,30.585642025224068,22.187539723156647
M6,23.370244755863165,40.98331111092581,35.64644413321102
M3,11.696016438925616,68.62686395076013,19.677119610314264
M4,15.884662767859083,18.89615798150927,65.21917925063164
M10,5.676425598045187,88.10084144192992,6.222732960024899
M3,5.914156756980564,70.9264443245927,23.159398918426746
M4,14.722462581326125,22.918895887212624,62.358641531461245
M9,88.58339950294199,10.282635454355214,1.1339650427027994
M3,11.709413718468834,68.62187723306394,19.66870904846722
M4,20.889824125830803,20.179188140229243,58.93098773393996
M8,9.46634770486363,4.77454704221419,85.75910525292217
M3,5.799341656303254,70.83130899953466,23.36934934416209
M4,17.417909493081325,14.953437636559457,67.62865287035922
M7,44.91688978525603,54.94285428219025,0.14025593255372115
M3,5.787651670776393,70.83564662129383,23.37670170792977
M4,14.371407175927535,22.834276679455307,62.79431614461716
M6,26.59935072895362,38.5786099496614,34.82203932138498
M3,4.760474784081643,74.1154148966305,21.124110319287865
M4,16.220445953078368,19.187786025817903,64.59176802110373
M5,42.69514038001554,33.07571904548477,24.229140574499695
M2,66.46990439198242,19.568643484746886,13.96145212327069
M9,91.34450335689452,6.322647064512141,2.332849578593338
M10,12.928626680836622,73.9684020078397,13.102971311323671
M2,61.17442221066449,22.073964091766232,16.75161369756928
M8,36.995199427056086,9.796798547096268,53.20800202584765
M10,5.685058807904442,88.26408809749385,6.050853094601706
M2,67.15079613966931,13.758234457482537,19.090969402848152
M8,12.37369798283027,5.042952764805425,82.58334925236431
M9,90.46886524390251,8.627394770128673,0.903739985968814
M2,70.71884992365327,18.22063993036332,11.060510145983415
M7,44.928618829294,54.96014314974974,0.11123802095625734
M10,5.685133211415233,88.26395756011067,6.050909228474097
M2,68.49649074656939,13.359989965566916,18.14351928786369
M7,52.7147786407364,45.52336424981976,1.761857109443845
M9,92.92650753699792,3.1404925524926353,3.9329999105094475
M2,70.71069947015954,18.22353759826662,11.06576293157384
M7,44.92863812925043,54.96017876195594,0.11118310879363236
M8,37.05253087959947,9.806956461845628,53.1405126585549
M2,72.1109290509957,17.529723274963978,10.359347674040329
M6,20.89394455457972,36.50261666116707,42.603438784253214
M10,5.675782885282392,88.1003157366793,6.223901378038306
M2,69.78280256087699,14.156450398471621,16.060747040651393
M6,31.129538226208723,37.74533547580882,31.125126297982455
M9,90.45253580368387,8.643445957342635,0.9040182389734923
M2,72.11092371744951,17.529728736450963,10.359347546099528
M6,20.09136494811198,38.65091455876809,41.25772049311992
M8,9.466292135296712,4.774535526786639,85.75917233791665
M2,72.11099945983683,17.52968609665089,10.359314443512275
M6,20.196104519197448,38.68724973705835,41.1166457437442
M7,44.29323458221961,54.683395464533845,1.0233699532465437
M2,72.30624478713494,17.584113258200805,10.109641954664252
M5,42.634108761842384,33.242401160153506,24.12349007800411
M10,5.685051718102965,88.26412235481823,6.0508259270788045
M2,78.01163735504294,14.556778320538523,7.431584324418541
M5,48.57124707508022,30.59304359492783,20.835709329991946
M9,82.23146513549668,7.619485586140169,10.149049278363155
M2,72.30820741677259,17.5843124369411,10.10748014628631
M5,42.633947561089116,33.24284046881334,24.123211970097543
M8,9.708354309812627,4.898246241251151,85.39339944893624
M2,72.30832733923371,17.584231522703746,10.10744113806254
M5,42.63418430698653,33.24238959611709,24.123426096896374
M7,44.92864482334049,54.96016559196509,0.1111895846944222
M2,69.62319164928908,17.099162868267616,13.277645482443301
M5,42.8301928239674,33.40455755973782,23.76524961629478
M6,27.041554203870565,39.24099964925619,33.71744614687325
M2,61.15177866308287,22.08313538304993,16.765085953867196
M4,17.74876856665896,15.253830335015307,66.99740109832574
M10,5.685053948675871,88.26409664930624,6.050849402017889
M2,72.3091061182059,17.589758358764616,10.10113552302948
M4,16.20586937739762,19.226701596166247,64.56742902643613
M9,90.59548922801102,3.982128992053251,5.42238177993573
M2,72.31296978413098,17.58519186625365,10.101838349615367
M4,14.636873822804445,23.264184451354964,62.09894172584059
M8,37.052916438674046,9.80707619497939,53.140007366346566
M2,70.70430980374665,18.226254388692738,11.069435807560609
M4,17.74879982864615,15.25362869614831,66.99757147520553
M7,44.9286430732776,54.96017457666482,0.11118235005758237
M2,72.1109441959382,17.529720954354183,10.359334849707615
M4,22.004041638959812,19.72534464725743,58.27061371378275
M6,26.599377721584904,38.57861855884248,34.82200371957262
M2,72.30740441845646,17.58416470810617,10.108430873437374
M4,16.23210063011906,19.1578761818628,64.61002318801813
M5,42.63387429248826,33.243060041694356,24.123065665817386
M2,72.11093364179878,17.52972420280385,10.359342155397371
M3,5.78862232312742,70.83529341240016,23.376084264472425
M10,10.591429559373095,74.82906660268648,14.579503837940422
M2,61.474695961708164,21.724154451476426,16.80114958681541
M3,5.914166787633032,70.92645018388,23.15938302848697
M9,90.68005553434925,3.9009783146622476,5.418966150988502
M2,72.11095256534894,17.52972719327615,10.359320241374913
M3,5.788356800735636,70.83542902445166,23.376214174812702
M8,36.47656532600594,9.651123675791304,53.87231099820276
M2,72.11100622279906,17.529688128116476,10.359305649084462
M3,11.710388071130115,68.62151340393072,19.668098524939168
M7,44.90776128984226,54.93907054177672,0.15316816838101488
M2,67.3708427123219,16.913263495964248,15.71589379171385
M3,4.995720122022906,77.95530418679705,17.048975691180047
M6,23.369582995334675,40.983269239787,35.64714776487833
M2,69.19302692041893,17.005019722788028,13.801953356793042
M3,4.7604743099750735,74.11542555953653,21.124100130488387
M5,42.688527544733844,33.09378829886113,24.217684156405028
M2,72.28913413322176,17.58076243575335,10.130103431024885
M3,5.820022127248726,71.34012864453459,22.839849228216693
M4,14.63808239027867,23.261074027253674,62.10084358246766
M1,34.08559906727866,35.42583453548369,30.488566397237662
M9,91.1957901139555,5.78873294360252,3.0154769424419836
M10,11.443556867113125,77.5439763161662,11.012466816720675
M1,38.860524518354275,32.600177278602025,28.5392982030437
M8,9.466507505263568,4.774581959569165,85.75891053516727
M10,5.677522220269384,88.1016833609296,6.22079441880102
M1,32.30256802904809,35.89136914185978,31.806062829092134
M8,5.264582739642063,4.063654888798402,90.67176237155954
M9,89.33276748993964,9.13464676534167,1.5325857447186895
M1,38.86071255635711,32.600060878839514,28.53922656480338
M7,44.90277507462882,54.936953932593816,0.16027099277736312
M10,5.6805210539655775,88.10385395451598,6.215624991518439
M1,35.27688662722451,35.03134283777967,29.69177053499582
M7,48.34617896601918,47.671496541570114,3.9823244924107044
M9,92.9256273341121,3.1408703900526316,3.9335022758352753
M1,38.86084176757669,32.60009409540676,28.539064137016553
M7,44.91026870443027,54.94008995644707,0.14964133912265964
M8,9.467885265598508,4.7748241974347705,85.75729053696672
M1,32.43107561656982,36.01393787194842,31.554986511481765
M6,30.36446518023014,37.99776538767022,31.63776943209964
M10,6.689500042812145,87.79220063608446,5.518299321103399
M1,34.167369965366845,35.390142474065435,30.44248756056772
M6,25.8144508638774,36.093566882967146,38.09198225315546
M9,92.61515032053572,3.252793774878099,4.132055904586182
M1,38.86073027484834,32.60010703863404,28.539162686517614
M6,20.091326939101318,38.65102523093794,41.25764782996074
M8,7.532457623556946,9.669716896880253,82.79782547956279
M1,34.217235475679274,35.36827879157107,30.414485732749654
M6,23.52775493578154,41.14264921368047,35.329595850537984
M7,50.54035104404612,49.323698637205055,0.1359503187488258
M1,38.13165765219392,32.56772210753452,29.300620240271556
M5,42.63391035528866,33.242851904189,24.123237740522335
M10,5.685053970044652,88.26410902231613,6.050837007639217
M1,35.11220613236485,32.966080719151364,31.92171314848379
M5,46.89659798815871,30.038844220683323,23.064557791157966
M9,90.01015408384464,5.803939888327374,4.185906027827986
M1,32.90161209727607,34.24256907117682,32.85581883154711
M5,42.633746777696764,33.24335453758295,24.122898684720283
M8,9.708348132468496,4.89824626475032,85.39340560278117
M1,32.75816670571724,35.45518083633884,31.78665245794393
M5,42.63397785700771,33.24287580591665,24.123146337075646
M7,44.92860843290345,54.96020932491833,0.11118224217821648
M1,39.388316304583086,33.06051697393458,27.551166721482332
M5,42.83092055972551,33.404249977838525,23.764829462435962
M6,21.321303317426853,37.269854495866895,41.40884218670625
M1,38.13174182616525,32.56772888530195,29.300529288532793
M4,17.748762684312865,15.25382341257165,66.99741390311549
M10,5.68505490130899,88.26409549439666,6.050849604294356
M1,32.30305369366977,35.89123182968942,31.805714476640816
M4,20.820114321237565,15.273850818557003,63.90603486020543
M9,90.43178326788032,5.852534821397269,3.7156819107224113
M1,32.75825382958999,35.457095803697996,31.784650366712015
M4,16.18869398650507,19.269583071097486,64.54172294239744
M8,9.708353974090446,4.898241920616571,85.39340410529299
M1,32.89733275305966,34.29139888470438,32.811268362235964
M4,17.748806189646295,15.253634609105676,66.99755920124802
M7,44.92864083082977,54.96017755408408,0.11118161508614577
M1,38.860744797216114,32.60011058108692,28.539144621696963
M4,22.001420170381035,19.72639418747194,58.27218564214702
M6,20.8936759586995,36.50252174148831,42.60380229981219
M1,32.75974523835901,35.45521998277466,31.785034778866326
M4,17.748789530004675,15.253857538290255,66.99735293170508
M5,42.63360766301648,33.243687535245,24.12270480173852
M1,35.917331626626115,33.75634771680559,30.326320656568285
M3,11.712908843371135,68.62054139350352,19.666549763125346
M10,5.677294177650056,88.10150758916453,6.221198233185419
M1,36.49196421979496,34.1135086249785,29.39452715522654
M3,5.8269856159709,74.28567066235894,19.887343721670163
M9,91.80779186278164,3.5441949556747834,4.6480131815435755
M1,35.958361348888694,33.74026114102859,30.30137751008271
M3,4.733073720982113,73.64372447752646,21.62320180149142
M8,10.951366157031371,1.0142664369403132,88.03436740602831
M1,32.449371207615236,35.11869802573676,32.43193076664801
M3,5.801383047496976,70.83051938835081,23.368097564152222
M7,44.91140250215458,54.940583362991454,0.14801413485396608
M1,33.02045588559226,33.36238733166161,33.61715678274612
M3,5.006374794621594,78.09991613481135,16.893709070567056
M6,23.45680666346086,41.14256811170997,35.40062522482916
M1,32.785807602677046,35.219323959398615,31.994868437924346
M3,4.760449066737758,74.11554644308673,21.12400449017551
M5,42.682021512816206,33.111381873819006,24.206596613364788
M1,38.860735443516006,32.60011930548102,28.53914525100297
M3,5.787779228210672,70.83560814957269,23.37661262221664
M4,20.863102095974675,20.190061818105068,58.94683608592025
M1,39.16695181701171,32.875974940908065,27.957073242080227
M2,61.16030896952644,22.080083277299092,16.759607753174468
M10,8.380567196858667,76.02104585396873,15.598386949172607
M1,34.17978147899521,35.38459275524208,30.43562576576271
M2,64.73658700318475,20.31332785409572,14.950085142719526
M9,92.61478587005887,3.2529303700558923,4.13228375988524
M1,32.756307921152235,35.45765553634572,31.786036542502053
M2,61.23225925355975,22.051317491321598,16.716423255118656
M8,37.054311288475176,9.807327602847506,53.138361108677316
M1,37.491180102965835,33.55118652813922,28.957633368894946
M2,61.19372018113922,22.06644349902341,16.73983631983737
M7,41.43190747556686,53.55830247167786,5.009790052755278
M1,38.86072948985026,32.60011955729182,28.539150952857923
M2,72.11091799110578,17.52973248084786,10.359349528046362
M6,20.091059690828555,38.64980682310546,41.259133486065984
M1,32.90229319752043,34.23249901942393,32.86520778305563
M2,72.30866781890313,17.584566949527794,10.106765231569074
M5,42.63367808687952,33.24345456611863,24.12286734700185
M1,32.7564191796513,35.45752266427005,31.786058156078646
M2,72.31352292431568,17.58529528276191,10.101181792922414
M4,17.74875609624362,15.253684511238713,66.99755939251766
M1,32.44830669287085,35.11912291860654,32.4325703885226
M2,72.11093939361011,17.529719351806705,10.359341254583185
M3,24.012455573495274,75.91546610647761,0.07207832002711712
