M4,18.798310968966753,19.066540869599418,62.13514816143383
M5,51.56800891046432,25.69953314579733,22.73245794373835
M6,34.19238224950933,31.755632858260483,34.05198489223018
M7,52.68914622850689,43.13454844588842,4.176305325604687
M8,13.999143793808106,0.8370615101086992,85.1637946960832
M9,93.04258977721692,2.6344770875065904,4.322933135276491
M10,15.199187886017953,68.98562097905385,15.815191134928199
M3,8.232284339719195,67.59571563450987,24.172000025770927
M5,51.35065641842951,26.88172061195839,21.767622969612102
M6,23.27810336186052,37.65104133755833,39.07085530058115
M7,55.8248460109931,42.166221775788536,2.0089322132183653
M8,14.454106193123156,0.8998302142905684,84.64606359258627
M9,92.9863660188772,2.7798933758280873,4.233740605294707
M10,14.796978240874463,70.34262363271877,14.860398126406764
M3,7.270854647753396,71.06363537059725,21.66550998164935
M4,26.03501103720555,19.632203751782807,54.33278521101164
M6,24.045480609206336,36.32606927985949,39.628450110934175
M7,49.1532803103121,48.535282425213296,2.3114372644746055
M8,13.280027248145405,1.0423135017447005,85.6776592501099
M9,88.8805159441548,9.076578436113827,2.0429056197313784
M10,37.08384523333607,39.3971794310264,23.518975335637528
M3,7.266011853169635,69.144881275722,23.58910687110837
M4,24.33235107903648,18.40527111893414,57.26237780202938
M5,45.39754078289254,30.62691120551114,23.97554801159632
M7,48.38880688698089,51.40149065475281,0.20970245826629963
M8,10.340358254957584,4.522912570350727,85.1367291746917
M9,91.32218881463875,3.509226495231552,5.168584690129698
M10,6.467678726493692,87.08580784915108,6.446513424355231
M3,7.402080109338207,68.72559675884226,23.87232313181954
M4,24.016596408808024,18.182178517593304,57.80122507359867
M5,50.5142097725036,23.183136676961187,26.302653550535215
M6,28.75416467768795,36.22078307562471,35.02505224668734
M8,38.30137507633216,8.809125497988248,52.889499425679595
M9,91.11273980424191,3.5462124814452576,5.341047714312831
M10,6.6484546758719345,87.09268198658474,6.258863337543332
M3,7.311316749143629,68.76108677245882,23.927596478397547
M4,24.010272944935423,18.184576653368968,57.80515040169561
M5,50.23808967700036,23.124426090591896,26.637484232407743
M6,22.698472889961206,34.38534486933494,42.91618224070385
M7,49.13256784455081,48.39650638767683,2.470925767772357
M9,89.04291218854418,9.15967584089105,1.797411970564772
M10,7.371128068709356,84.6633284639418,7.965543467348851
M3,16.167199256927688,65.7633235187559,18.069477224316415
M4,25.20651352380657,16.930512270644517,57.86297420554892
M5,44.05102027810405,31.222111210478186,24.726868511417766
M6,25.732467474559574,37.285725087225856,36.981807438214574
M7,45.03945940626331,54.96054059373668,7.105427357601002e-15
M8,10.017722855232815,0.9606199357434595,89.02165720902372
M10,10.683682926146313,58.471065830822056,30.845251243031626
M3,7.324868173741734,68.7557833081595,23.919348518098772
M4,20.07161326101532,14.196109296256338,65.73227744272835
M5,50.262494413503674,23.129613407391524,26.6078921791048
M6,28.75416244660385,36.220778271774115,35.02505928162203
M7,48.04532253359371,51.31073548147728,0.6439419849290076
M8,10.101536266673245,4.434351990234157,85.46411174309259
M9,90.16397099068362,3.9091207311445695,5.926908278171807
M2,68.92678702773789,16.80128907625963,14.271923896002484
M5,51.341631199413655,26.885348519820756,21.77302028076559
M6,34.13338289283407,33.29330511448081,32.57331199268511
M7,55.845270347151896,42.157042981051625,1.9976866717964796
M8,14.454105937872336,0.8998224641836325,84.64607159794403
M9,91.77889728000821,7.314629438193055,0.9064732817987355
M10,14.776711106243612,70.35224812242684,14.871040771329547
M2,68.49218228846786,13.370052834987638,18.1377648765445
M4,19.147598147085596,23.415884449316202,57.436517403598195
M6,26.68850530231447,35.949125343755384,37.36236935393015
M7,52.71481624030143,45.523502036751154,1.761681722947415
M8,15.176879354139071,1.081420203307726,83.7417004425532
M9,92.92678907895491,3.140400059658017,3.932810861387072
M10,13.547324793524655,73.6529017341455,12.799773472329846
M2,60.008710115631565,21.534664797008354,18.45662508736008
M4,24.008831663340914,18.313261404344324,57.67790693231476
M5,43.96291099853427,31.34942589817545,24.68766310329028
M7,48.23309472555077,49.503968280763864,2.262936993685365
M8,9.81312411854708,4.523188573298345,85.66368730815458
M9,89.20560595473094,9.640525608865325,1.1538684364037337
M10,7.361220928133385,84.15197104081169,8.486808031054935
M2,67.14188915774321,13.760279574173431,19.09783126808336
M4,21.91954332516423,15.25265819500802,62.82779847982775
M5,48.54215642766243,30.608593985531705,20.84924958680587
M6,31.04406285854407,37.74195167733333,31.2139854641226
M8,14.28643517196528,1.069815289305319,84.6437495387294
M9,92.51040718271338,3.2855613192012636,4.204031498085357
M10,7.0712081501506425,87.167061397635,5.7617304522143655
M2,68.79658851649594,17.2219336231365,13.981477860367555
M4,22.89019323466254,13.56459571235634,63.54521105298112
M5,52.03678867083936,25.49001028549582,22.473201043664822
M6,32.886281133956814,34.56344500182311,32.550273864220074
M7,54.09585383891056,45.68746228332556,0.21668387776388442
M9,91.59070290608041,7.4925979659010356,0.9166991280185552
M10,9.622956172860743,82.3008821092581,8.076161717881163
M2,72.4612287512513,17.624214434052604,9.914556814696098
M4,18.099091941389133,15.481125705450125,66.41978235316074
M5,43.41990796922994,33.16491838908432,23.41517364168574
M6,27.041703741430794,39.24094640035287,33.71734985821634
M7,42.68356781583314,54.09046832294521,3.2259638612216435
M8,9.91631117768887,4.988607797619095,85.09508102469204
M10,5.592911486427625,88.30102788083502,6.1060606327373534
M2,67.13732044263219,10.947338785523767,21.915340771844043
M4,18.812646272780746,19.03860003030665,62.14875369691261
M5,51.56063207688649,25.71937537663446,22.719992546479048
M6,27.32712194180509,30.511290314987,42.16158774320791
M7,56.07104112964733,43.82028864048961,0.10867022986306552
M8,13.976422791191661,0.8767904887174364,85.1467867200909
M9,92.51572677685193,5.073048734561858,2.4112244885862077
M2,67.48670468255125,13.665443603979867,18.847851713468884
M3,7.292322005318656,71.39113513726109,21.31654285742026
M6,25.063351692383083,37.7540169168343,37.18263139078262
M7,53.05633975269208,43.27892727113903,3.664732976168885
M8,12.571915576642,5.055437373114545,82.37264705024346
M9,92.6160542044903,3.2524496208770115,4.131496174632692
M10,8.45259697188951,84.22284728621413,7.324555741896361
M2,63.31554428583736,17.325124283983442,19.359331430179196
M3,4.4462738774036294,75.68824019856073,19.86548592403564
M5,41.53168760497598,34.54311000401374,23.92520239101028
M7,42.734774041819826,57.158753248772754,0.10647270940742004
M8,36.10041431158851,10.492479238410242,53.40710645000125
M9,90.24978730892067,4.2775962530962595,5.472616437983067
M10,5.2501619733287335,89.12343579105578,5.626402235615487
M2,64.67749362910908,16.488917984679166,18.833588386211755
M3,4.971159888349463,77.88815350312329,17.140686608527247
M5,45.14383115874473,34.86475086233271,19.991417978922556
M6,22.3147365578584,43.11733970402772,34.56792373811388
M8,11.986837016644158,6.086318514388909,81.92684446896693
M9,88.54920548297773,10.574250919903156,0.8765435971191184
M10,7.249403567372903,90.10492200319024,2.645674429436852
M2,68.60914035790302,12.84356168824408,18.547297953852905
M3,8.101829114288003,68.48547244711409,23.4126984385979
M5,51.179020103455926,27.520831945927775,21.3001479506163
M6,26.538281464265253,34.543079193948266,38.91863934178648
M7,56.421766062524995,39.71037992287463,3.8678540146003755
M9,93.06199787331677,2.8266266812612084,4.111375445422022
M10,9.16722310772824,83.1825732575341,7.6502036347376645
M2,64.71809447353596,16.44686929893505,18.835036227528995
M3,4.983963301647059,77.84068478054171,17.175351917811227
M5,45.113914420123756,34.983861896204,19.902223683672247
M6,23.102205458795236,40.80968295745687,36.08811158374789
M7,47.78777699897832,48.69753286660752,3.5146901344141597
M8,17.048627305722295,0.0015397794398024195,82.94983291483791
M10,10.85485548732141,77.9033190328427,11.241825479835882
M2,68.60760948807884,12.807771222243261,18.584619289677903
M3,8.100441527230043,68.48612373374858,23.41343473902137
M5,51.17522534069126,27.522400667598482,21.302373991710255
M6,33.632940268557405,34.255537955770215,32.11152177567238
M7,55.24194531458766,42.821047225735036,1.9370074596773037
M8,14.674397529405384,0.9404140147486695,84.38518845584595
M9,93.06410225600608,2.8258037115184296,4.11009403247549
M2,61.40405218279503,21.75229545005637,16.843652367148604
M3,5.9141706764385225,70.92641758586639,23.159411737695095
M4,22.683298585301912,19.681275421868932,57.635425992829155
M7,46.58757919609512,51.2140261453657,2.198394658539179
M8,37.16217410863059,9.645925073029407,53.19190081834
M9,87.37944159468834,10.063409192312832,2.557149212998823
M10,6.143884984504649,87.12163761878708,6.734477396708272
M2,60.99316397339984,21.913048356679443,17.09378766992072
M3,4.729008025812644,73.64004244965176,21.630949524535595
M4,20.908170389976526,20.164393321994595,58.92743628802887
M6,26.583743634818617,38.58065447658598,34.835601888595406
M8,36.4951789786217,9.658864743941258,53.84595627743704
M9,90.44047408934048,3.9756614466604567,5.58386446399906
M10,10.585329946247137,74.83028158570724,14.584388468045617
M2,68.43351301231579,13.508629499220572,18.057857488463643
M3,7.579055648596015,71.4022801750035,21.018664176400492
M4,21.10347301072206,19.37948150097125,59.51704548830669
M6,26.003290709477263,37.418051863555625,36.57865742696712
M7,52.714876119542254,45.523443306544124,1.7616805739136225
M9,92.92680850063894,3.1403943933427185,3.93279710601834
M10,8.741402152503989,84.07992598196212,7.178671865533886
M2,72.11101548898613,17.529686454037336,10.359298056976538
M3,11.728983792121339,68.61456363683321,19.65645257104545
M4,22.593129253604857,16.1735500142264,61.23332073216874
M6,26.599446592496214,38.578601818640976,34.82195158886282
M7,45.42178180773393,51.93466367785686,2.6435545144092103
M8,9.538476199767437,4.787565905978757,85.6739578942538
M10,4.438367177767948,87.16780871512681,8.393824107105246
M2,65.74499318741438,19.851547148251804,14.403459664333816
M3,18.944228192701676,65.71849029067486,15.337281516623463
M4,19.147613143492247,23.41589172436426,57.43649513214349
M6,31.905938650372608,37.58809868763155,30.505962661995845
M7,52.714828547872955,45.52349311621828,1.761678335908762
M8,13.14778876069327,5.098895545951364,81.75331569335536
M9,92.92679689587708,3.14039760247346,3.9328055016494647
M2,61.03826540374913,21.9734248387405,16.988309757510372
M3,5.750367529361363,71.52511852038418,22.724513950254448
M4,21.347866248014117,20.49775220828356,58.15438154370233
M5,50.21181811452806,30.12356511330393,19.664616772168014
M8,36.98466209024857,9.797795855733742,53.217542054017684
M9,90.5851001302926,4.012661456111911,5.402238413595486
M10,5.683495958042436,88.26714365865857,6.049360383298989
M2,60.448223079142664,16.743311012936772,22.808465907920564
M3,4.446273229931516,75.68824306274647,19.865483707322014
M4,17.420372247905906,16.369612934803047,66.21001481729105
M5,44.84893175383041,30.9760326601155,24.175035586054086
M7,42.73478194878513,57.158745607813756,0.10647244340111683
M9,90.19479743712097,4.42028202048672,5.384920542392312
M10,5.250160065340182,89.12344360539673,5.626396329263088
M2,61.18816940394548,21.913849473147717,16.897981122906803
M3,4.760493374439235,74.11531773280949,21.124188892751278
M4,22.999537721036738,19.769831749844705,57.23063052911855
M5,43.939089052696346,32.60673762517659,23.454173322127062
M7,46.0392942120719,51.86829382402751,2.092411963900588
M8,9.708347041163362,4.898213365296409,85.39343959354022
M10,5.685127360843144,88.26393329256823,6.050939346588635
M2,60.44820456296341,16.743322051536044,22.808473385500545
M3,4.446267695503541,75.68825570845901,19.865476596037453
M4,17.4203628511603,16.369618520220726,66.21001862861898
M5,41.44096515959149,34.78216819100948,23.776866649399025
M7,42.73475762593729,57.158775667455046,0.10646670660766233
M8,36.554981338746884,10.58157371999298,52.863444941260134
M9,90.17808730292121,4.46363467760488,5.358278019473907
M2,65.01180341596182,16.4522834426837,18.535913141354477
M3,5.017826607189403,78.04070066031122,16.941472732499378
M4,21.138867595930197,18.14833363275576,60.71279877131404
M5,31.37120811808988,41.919451540216905,26.709340341693213
M6,23.516897173336286,41.05724299013964,35.42585983652407
M9,88.63336261018408,10.506495354714593,0.8601420351013278
M10,5.774158763953874,89.55028867389805,4.67555256214807
M2,66.91477072476245,18.99150777689265,14.093721498344902
M3,9.222814207231371,75.63044540158057,15.146740391188061
M4,19.911343743011734,19.003494102506217,61.08516215448204
M5,41.347692717482694,32.203987161736855,26.44832012078045
M6,25.732407338185936,37.285632744130424,36.98195991768364
M8,8.733926129824841,4.400997987114955,86.8650758830602
M10,5.646967947017277,87.55759185430907,6.79544019867366
M2,70.33791267905532,17.267622994826937,12.394464326117742
M3,0.817871040719966,73.25677282920839,25.92535613007165
M4,23.432472336259117,17.149756187319795,59.417771476421095
M5,46.665700838803836,29.619749562532874,23.71454959866329
M6,27.184276800321168,39.94247033192625,32.873252867752576
M8,37.78726711811453,16.516188311570016,45.69654457031545
M9,53.7004401492774,5.41155215128149,40.88800769944111
M2,68.03068967748028,16.695369368148654,15.273940954371064
M3,5.833948248750949,69.17529209431004,24.99075965693902
M4,16.456595529098333,14.043247300293006,69.50015717060866
M5,43.939303530298986,31.26268730417036,24.798009165530654
M6,20.00861339315341,34.99831457709101,44.99307202975558
M7,45.83068808611723,51.60781783730889,2.5614940765738794
M10,10.369035045506829,58.81477428372664,30.816190670766524
M2,65.01943917157567,16.45350555495484,18.52705527346949
M3,5.017074482001991,78.04041176582217,16.94251375217584
M4,21.140139046256706,18.14853145028781,60.71132950345549
M5,31.403615648986477,41.77275270320344,26.82363164781009
M6,23.515527121301325,41.05683380695815,35.42763907174053
M7,44.95669565376035,54.946878302814085,0.09642604342556638
M9,88.62984059332715,10.50590013460059,0.8642592720722639
M2,68.05287500478052,16.699611696718144,15.247513298501339
M3,5.052317994957458,72.41824283083453,22.529439174208008
M4,23.837573870496076,17.46638087747688,58.69604525202705
M5,44.02911014636662,31.230011450851247,24.740878402782133
M6,25.732421227668713,37.285652930375534,36.98192584195576
M7,45.022681542482545,54.95276862364739,0.024549833870068483
M8,34.62822897980843,9.15541024869137,56.216360771500206
M1,37.235861185514175,30.543085094428033,32.221053720057796
M5,54.53865567781685,24.97003408070491,20.491310241478242
M6,27.60714858011432,35.45056907901624,36.94228234086945
M7,58.14753206827611,41.756719026666936,0.09574890505695777
M8,16.032901906101916,0.8717429684797179,83.09535512541837
M9,93.24514455581352,4.648929903361143,2.105925540825332
M10,10.956200360669696,80.59908169440357,8.444717944926737
M1,33.37573500004366,35.87719138358578,30.747073616370557
M4,19.147606147665943,23.41587858698208,57.436515265351986
M6,26.71051029566447,35.90196444808088,37.38752525625464
M7,52.714826505543364,45.523489936235244,1.7616835582213923
M8,13.147345160355325,5.09976171240086,81.75289312724381
M9,90.89332041051796,8.274886739986748,0.8317928494952938
M10,7.363443838217942,87.06953245904299,5.567023702739064
M1,36.04025744760544,32.605372546372465,31.354370006022094
M4,23.796721258932617,15.067520349863331,61.13575839120405
M5,45.37540284760718,30.635567781078404,23.98902937131442
M7,47.19173814553371,50.99989160708362,1.808370247382669
M8,10.339106461265722,4.522716859741772,85.13817667899251
M9,91.30760740851991,3.5148786839285333,5.177513907551553
M10,6.484125169636631,87.09575234104726,6.420122489316114
M1,37.54558417863988,28.235855348711915,34.21856047264821
M4,25.981336054307775,14.443896380702611,59.574767564989614
M5,44.529625518910066,28.640906456743377,26.829468024346557
M6,29.648276530025267,35.036654911281914,35.315068558692815
M8,9.660801529506868,3.9780006340648093,86.36119783642832
M9,89.05222349941567,5.997888494308483,4.949888006275843
M10,6.690269518598289,86.23778147688878,7.0719490045129305
M1,37.54554097950326,28.235828839313054,34.218630181183684
M4,25.9812896510254,14.443873054162836,59.57483729481176
M5,43.15540943890615,29.12091557739373,27.72367498370012
M6,20.80220776708162,31.784799705843454,47.41299252707492
M7,48.221351775654156,51.58004207133539,0.19860615301045215
M9,88.90286086618605,9.209795728872937,1.8873434049410172
M10,32.91187197834234,40.00080355168323,27.08732446997444
M1,36.42597252931418,31.30847880839204,32.26554866229378
M4,16.874293485596343,14.226316852914001,68.89938966148966
M5,54.05625229974632,26.64345576990296,19.30029193035072
M6,28.503936117968347,38.49787004075053,32.99819384128112
M7,44.930272850134635,54.914585020967564,0.15514212889780055
M8,8.858643956968766,4.452013311516777,86.68934273151446
M10,5.966800937551563,87.90316923299733,6.130029829451104
M1,41.90080296619384,25.95872433633415,32.14047269747201
M4,24.642121808994236,15.465677268416018,59.89220092258975
M5,56.404164598387894,20.677590893077436,22.91824450853467
M6,33.601924375181156,32.711928377533965,33.68614724728488
M7,53.02714868518448,46.74519622942402,0.22765508539150403
M8,11.509125784731172,0.8045703082061498,87.68630390706268
M9,90.64477636761512,7.735634286131687,1.61958934625319
M1,34.004480795939195,35.461886957489185,30.533632246571614
M3,6.004392958135846,74.21500126137482,19.780605780489324
M6,25.824110846528498,36.075159314192504,38.100729839279
M7,51.74322905585459,46.43408729612502,1.8226836480203872
M8,14.513889461749839,1.0746706196677969,84.41143991858236
M9,92.6160453956497,3.252454477391611,4.131500126958683
M10,7.083887889067005,87.27803834925048,5.63807376168252
M1,30.89115700907843,34.554473614609385,34.55436937631219
M3,6.559964227534661,69.3603419876139,24.079693784851443
M5,45.32062462391017,30.612170316697572,24.067205059392258
M7,44.72143094560481,50.169180537062914,5.1093885173322775
M8,11.870168070705994,0.9545214157777522,87.17531051351625
M9,89.63677711973497,9.227071450282052,1.1361514299829754
M10,6.469623499041198,87.06748208288809,6.462894418070704
M1,34.769858429586826,30.09166675345741,35.13847481695576
M3,7.496672540596838,71.31276497181038,21.190562487592786
M5,51.168405813718955,23.9332256032733,24.898368583007745
M6,25.013810940677462,37.56201230437655,37.42417675494599
M8,12.375485411496479,5.364973954560184,82.25954063394333
M9,92.4762976070929,3.1538383961847565,4.369863996722341
M10,39.3863607644443,39.91818876635642,20.69545046919928
M1,35.546663004260324,34.56260906474627,29.890727930993407
M3,2.108656520691613,75.10062691710118,22.79071656220721
M5,54.117031557223854,24.544127363143065,21.33884107963308
M6,25.318802545059008,38.12207577492156,36.55912168001942
M7,47.690823025936,50.91952429475654,1.38965267930746
M9,91.9574626285076,4.224895892675962,3.817641478816439
M10,6.646673821227367,88.27684074336207,5.076485435410561
M1,32.18245274363708,34.72343801953287,33.09410923683006
M3,14.732402197369213,68.08409693320237,17.183500869428414
M5,53.64366868000371,26.670589766039488,19.685741553956806
M6,26.307864426435334,38.143014999227745,35.549120574336925
M7,49.40794827397562,50.42375479426668,0.16829693175770188
M8,10.535256274156717,1.0344180019249527,88.43032572391833
M10,4.353905579473083,86.87001965425083,8.776074766276096
M1,34.769865082892,30.09166931243782,35.13846560467019
M3,7.497643617777051,71.3106105101137,21.19174587210925
M5,47.967378104362275,31.269357076835217,20.763264818802508
M6,25.013816430919018,37.56201632193565,37.42416724714533
M7,46.26288742150773,50.63527643138316,3.101836147109111
M8,12.3754898884877,5.364975399110638,82.25953471240167
M9,89.9616515369458,9.172286590943937,0.8660618721102686
M1,39.01408013179573,32.617030395449454,28.368889472754816
M3,5.914171320996869,70.92641495046675,23.15941372853638
M4,22.628222560631237,19.703670970611693,57.668106468757074
M7,46.587580933447555,51.21402359800102,2.198395468551425
M8,9.73156538746691,4.810308814960344,85.45812579757273
M9,78.42578548151114,8.81916867796706,12.755045840521799
M10,5.822864506036035,87.97163066603215,6.205504827931804
M1,32.30290204361728,35.89119316865757,31.805904787725147
M3,8.042624828902294,70.71532207365476,21.24205309744295
M4,26.435958220481023,19.47055264713414,54.09348913238483
M6,30.243924014734553,37.867448688651216,31.88862729661424
M8,20.28120217663331,6.303221037300372,73.41557678606631
M9,90.48357682511178,5.765197830815729,3.7512253440724885
M10,18.874977417463526,71.24865921772304,9.876363364813429
M1,34.979182543173565,35.16400276514023,29.856814691686203
M3,7.579035250229418,71.40227890046168,21.018685849308895
M4,23.070334467045512,15.320137846273335,61.609527686681155
M6,26.69976013892803,35.92499065471081,37.37524920636116
M7,52.71478489580683,45.52352689513314,1.7616882090600328
M9,89.86406134760139,8.144757565510012,1.991181086888595
M10,7.385705117700526,87.02122873606889,5.5930661462305835
M1,38.8608419856436,32.60008392593229,28.53907408842411
M3,11.73544800668987,68.61213914900762,19.652412844302518
M4,22.121954815009275,19.677330600858248,58.20071458413248
M6,26.599438702814687,38.57859509744167,34.821966199743635
M7,41.3627885190901,53.464185053479795,5.173026427430102
M8,4.295829315215761,3.841031604843096,91.86313907994115
M10,10.152851827430325,74.99111697090866,14.856031201661011
M1,36.50311921171556,34.1087706636344,29.38811012465004
M3,28.620113536095413,61.42842152415763,9.951464939746955
M4,26.412240545480596,19.480119616678515,54.107639837840885
M6,30.243922163823296,37.86745354733342,31.888624288843282
M7,45.11450800084858,50.34118192670302,4.544310072448397
M8,11.343532892901283,4.9702646204404,83.68620248665832
M9,91.10132311350439,3.837925656247271,5.060751230248337
M1,37.53081147828592,32.10771808116782,30.361470440546263
M3,5.108016990682975,72.44008862612706,22.451894383189966
M4,18.072361206341558,14.209690006953148,67.71794878670529
M5,43.96288262793773,31.34947728170686,24.68764009035541
M8,17.683181692108477,5.820977081260464,76.49584122663106
M9,90.94390134096759,3.652677839519972,5.4034208195124425
M10,11.379327364853243,73.52687601095711,15.09379662418965
M1,30.858490751844172,33.7663343585006,35.37517488965523
M3,5.285907031953786,71.5370837009908,23.17700926705541
M4,18.258152118381034,13.640104261360333,68.10174362025863
M5,44.71117217993657,30.28223211673589,25.00659570332754
M7,48.4072252865281,51.474404392523134,0.11837032094876321
M9,89.62686934208163,9.244890063892795,1.1282405940255718
M10,6.431895661194499,86.80366898539371,6.764435353411784
M1,37.761453858770395,32.457043818175514,29.78150232305409
M3,4.760497903188332,74.11529630950398,21.124205787307687
M4,17.74876219539601,15.253597362347925,66.99764044225606
M5,48.353892666736755,25.534014866272287,26.11209246699096
M7,45.93238824595234,52.16590232997056,1.9017094240771044
M8,9.708340992651454,4.8982079881846685,85.39345101916388
M10,5.685130674084286,88.26392477489507,6.050944551020635
M1,34.49313503183066,32.39665230108265,33.110212667086685
M3,5.2859011091996955,71.53708325049658,23.177015640303722
M4,18.258144300990125,13.640096126072287,68.1017595729376
M5,44.703934598575465,30.30328820037188,24.992777201052654
M7,48.4072353352409,51.4744117142872,0.11835295047190186
M8,37.7488354577651,8.687075787220877,53.564088755014026
M9,89.6268808206591,9.244892347910456,1.1282268314304478
M1,30.130255659321307,25.215291469391133,44.65445287128756
M3,4.894719288400093,66.85318133537497,28.252099376224933
M4,15.00599588801614,11.313775853527899,73.68022825845595
M5,39.952173359733266,33.85232500608252,26.19550163418421
M6,19.575396299216166,30.01268924857348,50.411914452210354
M9,89.57361443423393,3.4528943858333223,6.973491179932746
M10,6.248210107073426,85.10145034265867,8.650339550267915
M1,36.42565711704092,31.308224595485235,32.266118287473844
M3,4.64919468447958,72.28995127845626,23.06085403706416
M4,16.45176704570657,14.122114164619864,69.42611878967357
M5,54.05595650764948,26.643320726288124,19.300722766062393
M6,28.503669434756365,38.497547355157906,32.99878321008573
M8,8.820008025844848,4.444873105344569,86.73511886881059
M10,10.744270383571791,58.68964121329368,30.56608840313453
M1,33.3969758359509,31.466996403026492,35.13602776102261
M3,5.443567976256688,70.13745312883587,24.41897889490744
M4,26.816647986977653,14.881589917794146,58.3017620952282
M5,56.217754170242735,24.200893832091527,19.581351997665738
M6,27.03714274608328,34.53705696678667,38.42580028713005
M8,10.350880666317659,0.9030553744277374,88.7460639592546
M9,89.00463015108261,9.203835273831906,1.7915345750854854
M1,28.466328564208954,27.0797189746286,44.453952461162444
M3,4.424527357720164,68.68080291706784,26.894669725211998
M4,14.457832516158618,12.254282061420534,73.28788542242084
M5,40.80047746912398,29.906932012561413,29.292590518314604
M6,18.147927467545067,31.85872128099843,49.99335125145651
M7,43.52819044985767,54.0565915173804,2.415218032761935
M10,8.31947377057538,85.86538627340923,5.815139956015386
M1,31.416537690862793,29.47142880273416,39.112033506403044
M3,5.155924603391636,67.08860743814799,27.755467958460372
M4,15.005996033697619,11.313780276789911,73.68022368951247
M5,39.95231561464885,33.85173642477769,26.195947960573456
M6,18.06405452848329,34.59806424845442,47.33788122306228
M7,48.16084785946444,51.6841474999415,0.15500464059405772
M9,87.2184989661721,9.045353701321737,3.7361473325061567
M1,30.24200238860332,25.894242749149488,43.86375486224719
M3,4.300640136885613,63.26834321033284,32.431016652781544
M4,18.931799897227332,11.982993059739746,69.08520704303292
M5,46.77183754969491,25.100327675083683,28.12783477522141
M6,23.578812825901174,31.724565122460064,44.69662205163877
M7,45.131244532431715,54.868752734978955,2.732589329923485e-06
M8,6.4090943376316245,2.994370661427027,90.59653500094134
M1,35.278793965037366,35.03070560098645,29.690500433976183
M2,65.74493904266046,19.851562345916236,14.403498611423302
M6,24.34604434717519,40.970136167956134,34.68381948486867
M7,51.88666530316607,45.9306587676435,2.182675929190431
M8,6.1314613189859966,4.196711085565506,89.67182759544849
M9,92.92674773586873,3.140415023439041,3.932837240692229
M10,13.54729103597303,73.65291108376927,12.7997978802577
M1,46.579196025806716,27.331401967268988,26.089402006924296
M2,63.63679835133697,18.568787883786715,17.794413764876314
M5,54.34503731014554,25.167610262332786,20.48735242752167
M7,39.65748091511412,36.9133100164267,23.42920906845918
M8,18.569519608165315,4.273688008123049,77.15679238371165
M9,95.30912123803348,1.94417468335381,2.746704078612706
M10,30.36824054902418,60.58473029679264,9.047029154183178
M1,33.909235310361126,35.425441905206135,30.66532278443274
M2,74.3011385213423,14.548858188396853,11.150003290260852
M5,52.277524992076195,22.67960628175682,25.042868726166986
M6,32.12214297946115,37.27687501440192,30.600982006136924
M8,14.527842792288665,1.0699400678401074,84.40221713987123
M9,90.35612185295398,4.198725704659132,5.445152442386892
M10,13.133478844094263,73.80112256135068,13.065398594555049
M1,41.52271324855445,28.98960747846358,29.487679272981968
M2,75.725534727067,10.296183569171378,13.978281703761622
M5,57.00837184582076,23.90850030750362,19.08312784667562
M6,31.017360127830912,31.865406571711045,37.11723330045804
M7,39.130673050765395,38.09523080785054,22.774096141384064
M9,93.4518086133768,3.9638539560921275,2.5843374305310745
M10,0.0,81.31352315776344,18.68647684223656
M1,39.38856797068908,33.06041642745962,27.551015601851297
M2,72.46120953476037,17.624209997303442,9.914580467936187
M5,43.4347606636386,33.15886062054958,23.40637871581182
M6,27.04168547032615,39.24092287804521,33.717391651628645
M7,41.452965268693106,53.609295518290615,4.937739213016279
M8,9.906880094471155,4.986917332341039,85.10620257318782
M10,10.03810129422636,75.60649371129593,14.35540499447771
M1,47.88041716480954,26.75981917851461,25.359763656675845
M2,77.59037888432296,12.689743812876596,9.719877302800445
M5,47.534062622853305,28.581036175179694,23.884901201967
M6,34.685060004897856,33.90661849128761,31.40832150381454
M7,58.84296860338158,35.54853628989671,5.608495106721712
M8,19.302220483808654,4.370802719047938,76.3269767971434
M9,95.53731462490829,1.9056922642194083,2.556993110872301
M1,38.89096183568986,32.66599150467683,28.44304665963331
M2,72.5268551282845,17.319178482535776,10.153966389179729
M4,22.595558617620632,19.716963106926002,57.68747827545336
M7,46.58757913723755,51.21402369348757,2.198397169274884
M8,9.731509697659362,4.810463254490455,85.45802704785018
M9,90.6800848582005,3.9009626015033385,5.41895254029616
M10,5.858989561356438,87.87598529589681,6.265025142746751
M1,34.027207865242616,35.41564732698422,30.557144807773163
M2,66.53445170737037,19.539281491793357,13.926266800836277
M4,18.034016073291063,23.456763801196264,58.50922012551267
M6,31.81909361929897,37.45444147363071,30.726464907070323
M8,17.291582700637065,0.01896932219585823,82.68944797716708
M9,89.37252787858988,8.49606408212875,2.1314080392813715
M10,11.350272922152584,77.54929098297866,11.100436094868755
M1,33.37589851123643,35.87714165135392,30.746959837409655
M2,65.74516812856191,19.85146363059925,14.403368240838837
M4,23.07276127541075,15.315411761164738,61.611826963424505
M6,26.692889125978976,35.939896397044855,37.367214476976166
M7,52.7148771334227,45.5234172788992,1.7617055876780938
M9,91.79346732214846,6.001974268351522,2.2045584095000192
M10,13.547347073456246,73.65288883146198,12.79976409508177
M1,38.86084455762365,32.60008813993914,28.53906730243721
M2,72.11100990142224,17.52968830492007,10.359301793657693
M4,22.095590397771428,19.688074303805234,58.21633529842333
M6,26.599440969770612,38.57860072334994,34.821958306879445
M7,41.36278792364456,53.4641875495492,5.173024526806238
M8,9.53083616698852,4.786186463888928,85.68297736912255
M10,10.105438730181017,75.00864082491896,14.885920444900023
M1,42.53679933991335,31.52306091062979,25.940139749456858
M2,73.8391880287817,15.56534383638834,10.595468134829954
M4,24.293171064937,22.368125912555875,53.338703022507126
M6,32.92085295514061,33.34836525843313,33.730781786426256
M7,53.009783872774534,42.55135471876929,4.438861408456177
M8,17.111686679823624,5.000257120434039,77.88805619974234
M9,92.93742510787403,3.1560347918910048,3.906540100234961
M1,39.16626828921657,32.883650886265976,27.950080824517457
M2,72.31287486470605,17.590514443681144,10.09661069161281
M4,21.284072077100184,20.527961219742203,58.18796670315762
M5,50.225474612814374,30.210934917764902,19.563590469420724
M8,7.730971546850563,9.879948023751249,82.38908042939818
M9,88.38304082178804,10.490989328583295,1.125969849628662
M10,5.683498110915395,88.26714410160427,6.049357787480332
M1,32.16826917902914,31.232521628080196,36.59920919289067
M2,61.24497776139992,15.768339753907036,22.98668248469304
M4,17.65896443512334,15.531709385694148,66.80932617918252
M5,42.37886371519716,33.612712850690315,24.008423434112522
M7,45.68482938012382,52.152848426435874,2.1623221934403034
M9,88.24146727650135,10.60713334864515,1.1513993748534972
M10,5.656067398083331,88.28356125059285,6.060371351323809
M1,37.48834520195794,33.55411853959246,28.9575362584496
M2,72.31675589173774,17.585800773340676,10.097443334921582
M4,17.748801094757688,15.25363443581652,66.9975644694258
M5,42.63319528846466,33.245029075573946,24.12177563596139
M7,44.92865147410598,54.960178543578245,0.11116998231577213
M8,9.708366117307307,4.898222664099697,85.393411218593
M10,5.6851287141151134,88.2639448203573,6.050926465527596
M1,33.867453116788106,33.51874051141408,32.61380637179781
M2,60.008703801994386,21.534671594959775,18.45662460304584
M4,15.00460070728724,21.807845861667847,63.18755343104492
M5,43.96290469457909,31.349434539774062,24.68766076564685
M7,47.167324929437946,52.6806845961664,0.15199047439565305
M8,37.512591092561145,9.077057540670987,53.41035136676787
M9,89.9667732086102,7.0185687409710935,3.0146580504187
M1,33.94969537646864,35.400009778039404,30.650294845491956
M2,69.8396171758543,14.116787801990426,16.043595022155273
M4,22.078692994955397,15.287996583401926,62.63331042164268
M5,49.213237878265296,30.311665736265187,20.475096385469516
M6,23.114379737603468,41.21378869103564,35.67183157136089
M9,91.1675121559736,5.976035933652554,2.856451910373849
M10,7.26408919249709,87.42395472322791,5.311956084274996
M1,37.954179873574304,32.64080326494242,29.405016861483276
M2,61.6911730037026,15.631296977143172,22.677530019154226
M4,17.974575491154773,15.452586739623545,66.57283776922168
M5,50.665665539389046,30.22064497856229,19.113689482048663
M6,27.041698509411862,39.240947871253404,33.71735361933474
M8,9.868637943738964,4.980084051427074,85.15127800483397
M10,5.690086687791733,88.36741866681665,5.942494645391619
M1,34.23627291232716,35.27508835811662,30.488638729556214
M2,76.83169136036314,15.066184841232129,8.102123798404733
M4,22.120577146461372,15.27498139248734,62.60444146105129
M5,49.260669769152656,30.290813214401034,20.44851701644631
M6,31.851152591622476,37.38953229371708,30.75931511466044
M8,5.752609852162251,4.127538146988218,90.11985200084953
M9,91.12599086470127,5.904320295147379,2.969688840151356
M1,38.48014498490465,32.79467196239796,28.72518305269739
M2,72.4612296737333,17.624213123507452,9.914557202759248
M4,18.092681610239826,15.479662278067133,66.42765611169304
M5,43.188334824728585,33.25902409417155,23.552641081099864
M6,27.04170946047996,39.2409542999256,33.71733623959444
M7,44.11774975875571,54.6512302614242,1.2310199798200898
M10,5.698379884931403,88.37308369609354,5.928536418975057
M1,45.195918952868155,28.248344456765693,26.555736590366152
M2,80.06420003292992,9.007568469092057,10.928231497978025
M4,27.58460365264697,19.68518322733849,52.73021312001455
M5,63.64156498390323,21.19851836314294,15.159916652953829
M6,34.65700460281194,33.884186912811664,31.458808484376398
M7,64.46950686705442,35.458596142405,0.07189699054057996
M9,94.42035291793677,5.037502934403779,0.5421441476594531
M1,32.955653007615545,35.67939243521738,31.364954557167067
M2,72.46123053310546,17.624214260497318,9.914555206397218
M4,18.12280911705754,15.486564963304032,66.39062591963842
M5,43.28370401077388,33.22026454511867,23.49603144410745
M6,27.041705953053267,39.240947932716026,33.71734611423071
M7,44.303288488619295,54.723780323339994,0.972931188040711
M8,4.491984871884462,4.018561485762,91.48945364235354
M1,27.25401612918675,37.29360647241511,35.45237739839814
M2,59.041790956609745,22.69379850246456,18.264410540925695
M3,5.914171500539969,70.92641451198328,23.159413987476754
M7,46.58757857223934,51.214025825712724,2.1983956020479383
M8,9.726240799957456,4.823516718647448,85.4502424813951
M9,90.68008666595195,3.90096056837896,5.4189527656690935
M10,32.54300397284597,45.20378728536432,22.2532087417897
M1,32.38244418472583,36.172863463688934,31.44469235158524
M2,66.71724720405086,19.452394267327012,13.830358528622124
M3,5.769409979386666,74.72999437734877,19.50059564326456
M6,23.52735777691205,41.143218744056405,35.32942347903154
M8,14.513668643878301,1.0746722907539084,84.41165906536779
M9,91.4548479886945,6.252572889314068,2.2925791219914355
M10,13.079432559955624,73.8947277945077,13.025839645536678
M1,35.27559035482953,35.0321693142692,29.69224033090127
M2,71.06294955209985,13.706126019934784,15.230924427965364
M3,7.579038189305777,71.40228603514312,21.018675775551102
M6,26.647355512450435,36.03731080266183,37.31533368488774
M7,52.71477400208649,45.52353219432563,1.7616938035878746
M9,92.92676268081524,3.14041340880706,3.932823910377696
M10,8.170186482731603,85.31921002724295,6.510603490025446
M1,38.860838249675126,32.60008438195353,28.539077368371345
M2,72.11100502823409,17.529688106759657,10.359306865006253
M3,5.25530373187184,73.98798767240883,20.75670859571933
M6,26.599435249827494,38.57859476144864,34.821969988723865
M7,41.3627860097933,53.46418729043305,5.173026699773651
M8,9.492943505206028,4.779344508702275,85.72771198609169
M10,32.25202241981439,45.20621521582581,22.541762364359812
M1,35.3149888700369,35.014631239522004,29.670379890441097
M2,65.74495555749242,19.85156672455147,14.403477717956111
M3,7.579024955392704,71.40227764449811,21.01869740010919
M6,26.70468081145648,35.91439035477778,37.380928833765736
M7,52.7147650722882,45.52354665638183,1.761688271329966
M8,13.145001484211873,5.104361020750225,81.7506374950379
M9,92.92676836670687,3.140409260797935,3.9328223724951985
M1,32.34562989498874,30.85180979751053,36.80256030750073
M2,58.77058958013006,22.96867879417288,18.260731625697062
M3,4.759330142585044,74.12109256203014,21.119577295384815
M5,42.6645872736871,33.15298362167452,24.18242910463838
M8,7.72588773282751,9.892728078758772,82.3813841884137
M9,88.38304285522507,10.490986915576213,1.1259702291987157
M10,5.683498936611529,88.26713710526431,6.049363958124161
M1,32.82178833640203,33.10217466321497,34.07603700038301
M2,57.625444263860146,31.832646346702088,10.541909389437766
M3,4.991542093776195,77.81307664207102,17.195381264152786
M5,31.129390014119206,41.97818354834958,26.892426437531213
M7,43.88545259106702,54.73373377491794,1.3808136340150412
M9,87.40579920081841,10.34585996587666,2.2483408333049333
M10,7.282321387949218,90.06182823096543,2.6558503810853438
M1,38.680340238827206,32.73070008284871,28.58895967832408
M2,61.16781859803484,21.9907426986382,16.841438703326958
M3,4.760495542909686,74.11529056633522,21.1242138907551
M5,42.661225184925506,33.16838957928784,24.170385235786654
M7,45.98796123617304,52.01118430087104,2.000854462955921
M8,9.70833595448341,4.898206644081993,85.3934574014346
M10,5.68512787492873,88.2639231724335,6.050948952637782
M1,31.179509481098542,37.56336212311137,31.257128395790097
M2,59.935182508178514,17.37548895556625,22.689328536255235
M3,4.291953945899054,76.46891578110242,19.239130272998523
M5,40.799444362667806,35.662492955659665,23.53806268167253
M7,41.624958470666805,58.27099914388867,0.10404238544452227
M8,36.31392124910325,11.001925131182679,52.68415361971407
M9,85.57809870775641,11.577572086868964,2.844329205374626
M1,33.05408333535919,33.30217233866597,33.643744325974836
M2,64.99294535997572,16.46960377067644,18.53745086934784
M3,5.0133332614601125,78.05830727951881,16.928359459021067
M5,31.336722441297976,42.00660322277054,26.656674335931477
M6,23.498837314066584,41.08307713129546,35.41808555463796
M9,88.61858228000041,10.51883622710955,0.8625814928900404
M10,5.767305817935288,89.56111528918063,4.671578892884071
M1,32.79759675105088,33.139686084477056,34.062717164472055
M2,57.58643083168208,31.877546950350354,10.536022217967567
M3,4.983966968439425,77.84071262810606,17.175320403454506
M5,45.07202076792829,35.07640510639831,19.8515741256734
M6,23.102251023602783,40.809716867336284,36.08803210906094
M8,5.602083085005341,4.987881989058679,89.41003492593597
M10,7.270218353942158,90.07780570861073,2.6519759374471192
M1,32.83356372344375,33.08178671717154,34.084649559384715
M2,67.33001412740528,16.852383086684267,15.817602785910456
M3,4.995398792968761,77.79766214260887,17.20693906442237
M5,48.90830201952324,30.828444573792133,20.263253406684626
M6,23.336791732037746,40.79790213945988,35.86530612850238
M8,9.461038805527767,12.154652243727291,78.38430895074495
M9,91.95426587610993,3.516464323035094,4.529269800854977
M1,33.05263599306052,33.36965454990274,33.57770945703674
M2,61.525236691773436,23.933334861639125,14.541428446587439
M3,5.0273470758234176,78.10710474023209,16.865548183944497
M5,31.28637288625625,42.074455630011435,26.63917148373232
M6,20.709742225082838,40.48740747520877,38.802850299708396
M7,43.70547508721482,54.7649408423432,1.5295840704419774
M10,2.1011454019129405,88.29211529624834,9.606739301838715
M1,35.73237048565945,37.505368413545675,26.762261100794866
M2,62.70609596365421,18.531727464990993,18.7621765713548
M3,4.405325197070932,79.99109787543716,15.6035769274919
